
# Power On
Protocol  : MITSUBISHI_AC
Code      : 0x23CB260100201809C6780000000000000094 (144 Bits)
Mesg Desc.: Power: On, Mode: 3 (Cool), Temp: 25C, Fan: 0 (Auto), Swing(V): 7 (Swing), Swing(H): 12 (UNKNOWN), Clock: 00:00, On Timer: 00:00, Off Timer: 00:00, Timer: -, Weekly Timer: Off, 10C Heat: Off, ISee: Off, Econo: Off, Absense detect: Off, Direct / Indirect Mode: 0, Fresh: Off
uint16_t rawData[583] = {3530, 1632,  524, 1198,  474, 1254,  520, 346,  470, 402,  516, 350,  500, 1226,  492, 380,  480, 414,  448, 1246,  452, 1294,  426, 440,  424, 1302,  420, 448,  420, 444,  420, 1306,  418, 1306,  418, 446,  420, 1310,  420, 1308,  442, 426,  418, 444,  444, 1282,  420, 450,  418, 454,  416, 1308,  418, 446,  442, 428,  418, 444,  444, 426,  418, 450,  418, 448,  442, 424,  444, 424,  444, 422,  442, 426,  418, 452,  442, 434,  418, 452,  418, 446,  442, 434,  418, 474,  420, 436,  442, 426,  418, 472,  394, 472,  394, 1330,  394, 472,  394, 472,  420, 448,  426, 454,  394, 470,  420, 1308,  394, 1332,  420, 448,  420, 452,  418, 450,  394, 1334,  418, 448,  418, 452,  394, 1332,  418, 450,  394, 470,  394, 472,  392, 472,  394, 472,  418, 1308,  394, 1332,  394, 470,  394, 472,  394, 480,  394, 1330,  394, 1328,  394, 474,  420, 452,  418, 450,  418, 1306,  418, 1308,  394, 1334,  416, 1310,  394, 474,  418, 452,  394, 472,  394, 470,  394, 472,  394, 474,  394, 474,  394, 474,  394, 470,  394, 476,  392, 472,  418, 450,  420, 456,  418, 450,  416, 452,  418, 450,  418, 448,  394, 474,  418, 454,  394, 476,  416, 454,  394, 472,  392, 474,  392, 474,  392, 474,  392, 474,  392, 472,  392, 472,  418, 452,  394, 472,  418, 450,  392, 470,  418, 450,  392, 474,  392, 476,  392, 476,  392, 474,  392, 470,  392, 472,  392, 472,  394, 472,  394, 472,  416, 450,  416, 450,  416, 454,  392, 476,  394, 472,  418, 452,  392, 474,  392, 476,  392, 474,  392, 472,  392, 470,  394, 474,  418, 450,  418, 460,  392, 472,  416, 452,  392, 474,  392, 1334,  418, 456,  416, 1312,  390, 476,  418, 454,  392, 1336,  392, 17220,  3442, 1742,  416, 1310,  392, 1330,  392, 474,  392, 476,  392, 474,  392, 1332,  392, 476,  392, 472,  392, 1332,  392, 1332,  392, 474,  392, 1334,  392, 474,  416, 450,  392, 1332,  392, 1332,  392, 470,  392, 1330,  394, 1332,  392, 472,  390, 476,  392, 1334,  392, 478,  392, 476,  392, 1332,  390, 474,  420, 454,  392, 474,  390, 474,  392, 472,  416, 454,  392, 474,  418, 460,  416, 454,  390, 474,  418, 454,  392, 474,  416, 452,  392, 470,  418, 450,  392, 476,  390, 478,  392, 478,  392, 476,  390, 470,  392, 1332,  416, 450,  416, 454,  390, 478,  392, 472,  390, 474,  392, 1334,  392, 1334,  392, 476,  390, 476,  392, 478,  390, 1334,  416, 456,  390, 478,  418, 1314,  390, 476,  414, 456,  390, 478,  392, 480,  390, 478,  390, 1330,  414, 1316,  390, 502,  368, 472,  418, 460,  392, 1334,  390, 1336,  390, 498,  392, 476,  366, 500,  366, 1358,  390, 1336,  392, 1336,  366, 1360,  366, 500,  366, 498,  366, 498,  366, 496,  366, 502,  392, 474,  366, 500,  392, 476,  392, 478,  366, 502,  368, 498,  366, 498,  366, 500,  392, 476,  366, 498,  366, 498,  366, 498,  368, 500,  392, 480,  366, 496,  366, 500,  366, 498,  392, 480,  366, 498,  390, 478,  366, 498,  366, 500,  366, 498,  390, 480,  366, 500,  366, 502,  366, 500,  366, 500,  366, 502,  366, 498,  392, 490,  366, 498,  366, 500,  390, 480,  366, 498,  366, 500,  392, 476,  390, 480,  368, 496,  366, 500,  390, 476,  366, 502,  364, 502,  364, 498,  366, 504,  390, 480,  368, 502,  366, 500,  366, 502,  366, 504,  366, 500,  366, 498,  366, 502,  366, 500,  390, 1336,  366, 500,  366, 1360,  390, 478,  364, 500,  366, 1360,  390};  // MITSUBISHI_AC
uint8_t state[18] = {0x23, 0xCB, 0x26, 0x01, 0x00, 0x20, 0x18, 0x09, 0xC6, 0x78, 0x00, 0x00, 0x00, 0x00, 0x00, 0x00, 0x00, 0x94};

#Power Off
Protocol  : MITSUBISHI_AC
Code      : 0x23CB260100001809C6780000000000000074 (144 Bits)
Mesg Desc.: Power: Off, Mode: 3 (Cool), Temp: 25C, Fan: 0 (Auto), Swing(V): 7 (Swing), Swing(H): 12 (UNKNOWN), Clock: 00:00, On Timer: 00:00, Off Timer: 00:00, Timer: -, Weekly Timer: Off, 10C Heat: Off, ISee: Off, Econo: Off, Absense detect: Off, Direct / Indirect Mode: 0, Fresh: Off
uint16_t rawData[583] = {3506, 1656,  518, 1206,  508, 1224,  496, 396,  496, 372,  494, 370,  528, 1188,  490, 398,  460, 406,  452, 1270,  452, 1276,  448, 448,  394, 1310,  444, 422,  444, 422,  418, 1308,  418, 1308,  416, 446,  418, 1308,  416, 1306,  416, 450,  416, 446,  442, 1296,  442, 426,  416, 452,  440, 1288,  414, 448,  416, 446,  444, 450,  420, 424,  444, 424,  442, 424,  442, 450,  420, 450,  418, 450,  420, 424,  444, 424,  414, 448,  444, 448,  392, 450,  442, 450,  394, 474,  420, 424,  416, 474,  418, 428,  442, 434,  416, 474,  394, 472,  394, 448,  414, 472,  420, 424,  442, 450,  392, 1336,  418, 1310,  418, 452,  392, 456,  408, 472,  392, 1334,  392, 476,  392, 474,  418, 1306,  418, 448,  392, 472,  392, 472,  392, 474,  418, 450,  392, 1334,  418, 1306,  418, 456,  418, 450,  418, 450,  418, 1312,  392, 1332,  418, 452,  416, 454,  418, 452,  418, 1314,  394, 1332,  418, 1312,  392, 1330,  392, 474,  390, 474,  392, 472,  392, 472,  392, 474,  418, 450,  392, 476,  418, 448,  418, 450,  416, 452,  392, 474,  392, 474,  392, 474,  418, 448,  392, 472,  390, 476,  392, 474,  390, 474,  416, 454,  392, 474,  390, 476,  392, 472,  416, 454,  392, 472,  416, 450,  416, 450,  390, 474,  418, 450,  416, 452,  392, 476,  390, 478,  390, 476,  392, 476,  390, 474,  418, 450,  390, 474,  418, 452,  416, 452,  392, 474,  416, 454,  416, 450,  418, 452,  416, 450,  416, 454,  388, 478,  416, 450,  418, 448,  392, 474,  390, 478,  416, 452,  392, 474,  390, 476,  390, 478,  416, 450,  416, 454,  390, 474,  416, 452,  416, 452,  390, 478,  390, 1336,  390, 476,  414, 1312,  388, 1336,  416, 1310,  414, 454,  416, 17208,  3438, 1744,  416, 1312,  416, 1312,  388, 478,  414, 456,  390, 476,  416, 1312,  416, 450,  416, 450,  390, 1336,  388, 1336,  416, 452,  390, 1344,  390, 478,  416, 450,  416, 1312,  416, 1312,  388, 480,  388, 1334,  390, 1332,  390, 476,  390, 488,  390, 1332,  416, 452,  416, 450,  416, 1312,  416, 452,  414, 454,  388, 480,  414, 452,  416, 452,  390, 474,  390, 476,  414, 454,  390, 474,  390, 478,  388, 480,  416, 450,  416, 452,  390, 476,  414, 456,  414, 454,  388, 480,  390, 476,  416, 450,  390, 474,  390, 476,  390, 474,  390, 474,  416, 452,  416, 476,  366, 500,  366, 1358,  390, 1316,  414, 462,  382, 478,  414, 454,  388, 1334,  390, 502,  392, 456,  414, 1336,  390, 478,  390, 452,  390, 498,  364, 508,  364, 504,  392, 1336,  390, 1358,  390, 476,  366, 500,  366, 502,  366, 1338,  388, 1360,  390, 478,  364, 500,  390, 476,  366, 1358,  390, 1336,  390, 1336,  390, 1336,  366, 504,  364, 504,  366, 502,  390, 480,  366, 508,  390, 480,  390, 476,  390, 476,  390, 480,  390, 478,  366, 504,  390, 478,  364, 500,  366, 504,  390, 482,  392, 484,  390, 476,  390, 478,  366, 502,  364, 500,  390, 478,  364, 502,  364, 502,  390, 478,  364, 500,  390, 480,  364, 508,  390, 480,  364, 500,  390, 476,  366, 504,  390, 480,  364, 500,  390, 478,  364, 502,  390, 482,  364, 502,  364, 500,  390, 490,  364, 506,  364, 502,  364, 500,  364, 500,  390, 480,  364, 504,  364, 500,  390, 478,  390, 476,  364, 502,  390, 480,  388, 478,  390, 482,  358, 502,  390, 478,  364, 500,  390, 476,  390, 478,  364, 530,  364, 482,  364, 1362,  364, 502,  364, 1362,  390, 1338,  390, 1334,  364, 526,  338};  // MITSUBISHI_AC
uint8_t state[18] = {0x23, 0xCB, 0x26, 0x01, 0x00, 0x00, 0x18, 0x09, 0xC6, 0x78, 0x00, 0x00, 0x00, 0x00, 0x00, 0x00, 0x00, 0x74};


# Temp 31
Protocol  : MITSUBISHI_AC
Code      : 0x23CB26010020180FC6B800000000000000DA (144 Bits)
Mesg Desc.: Power: On, Mode: 3 (Cool), Temp: 31C, Fan: 0 (Auto), Swing(V): 7 (Swing), Swing(H): 12 (UNKNOWN), Clock: 00:00, On Timer: 00:00, Off Timer: 00:00, Timer: -, Weekly Timer: Off, 10C Heat: Off, ISee: Off, Econo: Off, Absense detect: Off, Direct / Indirect Mode: 0, Fresh: Off
uint16_t rawData[583] = {3546, 1620,  526, 1198,  524, 1198,  522, 350,  514, 352,  466, 404,  514, 1206,  488, 384,  504, 386,  454, 1254,  448, 1294,  426, 438,  422, 1306,  420, 444,  418, 450,  444, 1280,  418, 1310,  418, 450,  418, 1308,  444, 1282,  418, 456,  418, 452,  418, 1308,  418, 446,  418, 446,  418, 1332,  396, 472,  420, 450,  420, 450,  394, 444,  444, 426,  442, 426,  444, 422,  420, 444,  444, 426,  418, 446,  442, 450,  394, 450,  444, 424,  442, 448,  420, 450,  394, 474,  394, 474,  394, 472,  394, 446,  416, 452,  444, 1312,  392, 448,  442, 450,  394, 470,  396, 472,  394, 470,  418, 1308,  394, 1334,  394, 470,  392, 476,  394, 474,  396, 1330,  394, 1332,  392, 1332,  392, 1334,  420, 448,  394, 472,  418, 448,  418, 450,  394, 476,  392, 1330,  418, 1306,  394, 474,  394, 470,  394, 474,  394, 1330,  392, 1330,  420, 448,  418, 452,  394, 470,  394, 1334,  392, 1330,  420, 1310,  394, 472,  392, 1330,  394, 470,  394, 474,  392, 476,  418, 448,  420, 450,  394, 470,  394, 474,  394, 472,  394, 470,  418, 452,  418, 452,  392, 474,  392, 470,  418, 450,  418, 452,  418, 452,  392, 472,  394, 474,  392, 472,  418, 452,  392, 474,  392, 474,  392, 474,  392, 474,  394, 474,  392, 472,  394, 470,  418, 454,  392, 474,  418, 450,  418, 456,  392, 474,  392, 476,  392, 474,  392, 472,  416, 450,  392, 474,  392, 474,  392, 478,  392, 476,  392, 472,  392, 480,  418, 452,  392, 472,  392, 474,  418, 454,  418, 452,  418, 460,  390, 478,  418, 460,  418, 452,  392, 474,  392, 474,  392, 474,  418, 450,  392, 474,  392, 476,  392, 1330,  418, 452,  392, 1332,  416, 1312,  392, 474,  418, 1310,  392, 1330,  418, 17198,  3416, 1760,  418, 1310,  392, 1334,  392, 476,  418, 456,  392, 472,  418, 1310,  416, 456,  392, 476,  392, 1334,  416, 1308,  416, 454,  392, 1334,  392, 476,  392, 472,  392, 1334,  392, 1330,  418, 452,  392, 1332,  392, 1336,  416, 454,  392, 474,  392, 1330,  418, 450,  392, 472,  416, 1314,  390, 474,  418, 450,  392, 476,  418, 452,  390, 474,  390, 474,  392, 472,  416, 452,  392, 478,  390, 478,  392, 472,  392, 474,  392, 482,  390, 478,  388, 476,  392, 472,  392, 476,  390, 474,  418, 454,  390, 474,  390, 1332,  390, 472,  390, 476,  390, 478,  392, 474,  416, 452,  392, 1336,  418, 1310,  392, 476,  390, 476,  416, 454,  416, 1312,  416, 1310,  414, 1314,  390, 1360,  366, 472,  416, 452,  390, 474,  392, 478,  390, 502,  366, 1360,  390, 1336,  366, 484,  390, 504,  366, 500,  366, 1362,  366, 1336,  390, 502,  366, 502,  392, 454,  390, 1338,  390, 1356,  392, 1322,  402, 476,  392, 1310,  416, 476,  392, 476,  390, 476,  366, 504,  392, 476,  364, 502,  366, 496,  366, 502,  366, 502,  366, 498,  366, 500,  366, 500,  392, 476,  366, 500,  366, 500,  366, 500,  392, 478,  366, 502,  366, 500,  392, 476,  366, 498,  366, 498,  366, 496,  366, 500,  366, 504,  366, 498,  366, 500,  366, 500,  366, 500,  392, 478,  366, 500,  392, 486,  366, 502,  366, 498,  366, 502,  366, 506,  366, 500,  366, 500,  366, 500,  366, 500,  366, 504,  366, 500,  392, 478,  366, 498,  392, 482,  366, 500,  366, 500,  366, 496,  366, 498,  366, 506,  366, 500,  364, 502,  390, 476,  366, 498,  392, 492,  364, 502,  366, 502,  392, 1334,  392, 480,  366, 1356,  390, 1334,  366, 502,  366, 1360,  366, 1356,  390};  // MITSUBISHI_AC
uint8_t state[18] = {0x23, 0xCB, 0x26, 0x01, 0x00, 0x20, 0x18, 0x0F, 0xC6, 0xB8, 0x00, 0x00, 0x00, 0x00, 0x00, 0x00, 0x00, 0xDA};



# Temp 3
Protocol  : MITSUBISHI_AC
Code      : 0x23CB26010020180EC6780000000000000099 (144 Bits)
Mesg Desc.: Power: On, Mode: 3 (Cool), Temp: 30C, Fan: 0 (Auto), Swing(V): 7 (Swing), Swing(H): 12 (UNKNOWN), Clock: 00:00, On Timer: 00:00, Off Timer: 00:00, Timer: -, Weekly Timer: Off, 10C Heat: Off, ISee: Off, Econo: Off, Absense detect: Off, Direct / Indirect Mode: 0, Fresh: Off
uint16_t rawData[583] = {3520, 1644,  522, 1202,  492, 1234,  492, 374,  492, 372,  486, 380,  488, 1244,  486, 386,  478, 414,  424, 1272,  452, 1296,  450, 420,  426, 1302,  422, 442,  446, 426,  418, 1306,  420, 1304,  420, 448,  418, 1308,  442, 1298,  418, 448,  418, 446,  420, 1304,  444, 426,  420, 444,  444, 1286,  418, 448,  444, 428,  418, 456,  418, 450,  442, 424,  442, 428,  442, 428,  418, 450,  418, 452,  418, 448,  418, 444,  418, 450,  444, 430,  444, 456,  394, 450,  438, 452,  394, 450,  418, 472,  396, 472,  394, 470,  394, 1330,  394, 472,  394, 472,  394, 468,  418, 450,  394, 470,  418, 1310,  394, 1332,  394, 470,  394, 470,  394, 472,  418, 450,  394, 1334,  394, 1328,  420, 1314,  394, 470,  420, 454,  420, 458,  394, 470,  418, 452,  394, 1332,  394, 1334,  418, 454,  394, 470,  418, 450,  392, 1332,  394, 1328,  416, 452,  418, 452,  392, 472,  394, 1334,  418, 1312,  394, 1330,  394, 1332,  394, 472,  418, 450,  392, 474,  394, 472,  394, 470,  418, 452,  392, 474,  416, 452,  392, 476,  416, 452,  394, 470,  418, 450,  418, 452,  392, 474,  416, 452,  420, 452,  394, 474,  392, 476,  394, 474,  392, 472,  418, 448,  394, 474,  392, 474,  392, 478,  392, 476,  392, 472,  394, 480,  418, 452,  392, 472,  394, 474,  418, 452,  418, 452,  418, 460,  392, 476,  418, 462,  418, 452,  392, 474,  392, 474,  394, 474,  416, 452,  392, 474,  392, 476,  392, 474,  392, 476,  394, 476,  392, 472,  418, 460,  392, 476,  392, 472,  392, 472,  392, 474,  392, 474,  392, 476,  392, 472,  416, 454,  392, 472,  392, 474,  416, 1314,  390, 474,  416, 454,  416, 1314,  392, 1336,  392, 472,  392, 472,  392, 1334,  416, 17246,  3418, 1760,  416, 1312,  392, 1334,  392, 476,  416, 456,  392, 472,  418, 1310,  416, 456,  392, 474,  392, 1332,  418, 1308,  416, 454,  392, 1332,  394, 476,  392, 472,  392, 1332,  392, 1332,  392, 476,  418, 1312,  392, 1332,  392, 474,  392, 474,  392, 1332,  416, 452,  390, 474,  416, 1310,  416, 452,  416, 452,  392, 476,  416, 452,  392, 472,  392, 472,  392, 472,  416, 452,  392, 476,  392, 478,  392, 472,  392, 476,  390, 482,  392, 474,  390, 476,  390, 472,  392, 476,  390, 474,  414, 456,  392, 472,  392, 1332,  390, 472,  390, 476,  392, 476,  392, 476,  416, 452,  390, 1336,  390, 1334,  416, 458,  416, 460,  390, 474,  414, 454,  392, 1332,  416, 1314,  416, 1316,  390, 498,  366, 474,  390, 488,  390, 476,  392, 478,  414, 1334,  390, 1346,  390, 452,  390, 476,  390, 476,  390, 1364,  366, 1356,  390, 480,  366, 500,  366, 500,  368, 1356,  392, 1336,  366, 1358,  392, 1340,  366, 500,  368, 498,  368, 500,  366, 500,  390, 478,  366, 498,  390, 478,  390, 478,  392, 476,  366, 496,  392, 478,  366, 496,  392, 478,  366, 502,  390, 476,  390, 478,  390, 480,  366, 502,  366, 502,  368, 500,  366, 496,  366, 502,  392, 480,  394, 484,  366, 498,  390, 478,  366, 500,  366, 500,  368, 500,  366, 498,  366, 502,  366, 500,  366, 498,  392, 478,  366, 506,  392, 478,  366, 500,  366, 500,  366, 500,  392, 478,  368, 500,  366, 502,  366, 500,  366, 502,  366, 502,  366, 498,  392, 486,  366, 504,  366, 498,  366, 498,  366, 500,  366, 500,  366, 502,  366, 498,  390, 480,  366, 498,  366, 500,  392, 1338,  366, 500,  390, 480,  390, 1340,  390, 1340,  390, 480,  366, 498,  390, 1338,  366};  // MITSUBISHI_AC
uint8_t state[18] = {0x23, 0xCB, 0x26, 0x01, 0x00, 0x20, 0x18, 0x0E, 0xC6, 0x78, 0x00, 0x00, 0x00, 0x00, 0x00, 0x00, 0x00, 0x99};



# Temp 29
Protocol  : MITSUBISHI_AC
Code      : 0x23CB26010020180DC6780000000000000098 (144 Bits)
Mesg Desc.: Power: On, Mode: 3 (Cool), Temp: 29C, Fan: 0 (Auto), Swing(V): 7 (Swing), Swing(H): 12 (UNKNOWN), Clock: 00:00, On Timer: 00:00, Off Timer: 00:00, Timer: -, Weekly Timer: Off, 10C Heat: Off, ISee: Off, Econo: Off, Absense detect: Off, Direct / Indirect Mode: 0, Fresh: Off
uint16_t rawData[583] = {3478, 1680,  472, 1256,  476, 1254,  494, 372,  490, 380,  484, 380,  474, 1252,  426, 442,  424, 446,  476, 1244,  452, 1296,  448, 422,  424, 1302,  446, 422,  444, 424,  418, 1306,  420, 1304,  444, 424,  442, 1284,  444, 1296,  442, 424,  418, 446,  418, 1306,  418, 446,  444, 424,  420, 1304,  444, 426,  444, 424,  444, 426,  418, 448,  444, 422,  446, 430,  442, 424,  442, 426,  418, 450,  418, 446,  442, 426,  416, 448,  418, 450,  442, 450,  394, 470,  418, 450,  394, 480,  418, 450,  394, 470,  418, 448,  392, 1332,  418, 448,  418, 448,  420, 454,  420, 452,  394, 470,  420, 1310,  396, 1330,  416, 452,  418, 452,  418, 448,  418, 1310,  418, 448,  418, 1312,  418, 1322,  416, 454,  416, 448,  420, 448,  420, 452,  418, 450,  394, 1332,  394, 1328,  394, 472,  394, 474,  394, 470,  418, 1306,  418, 1306,  394, 470,  418, 448,  416, 450,  394, 1332,  418, 1314,  418, 1310,  392, 1330,  392, 472,  418, 452,  394, 472,  394, 470,  394, 472,  392, 472,  416, 450,  416, 450,  392, 474,  418, 450,  392, 476,  416, 448,  394, 472,  392, 476,  418, 456,  420, 456,  418, 448,  416, 452,  392, 474,  392, 472,  418, 450,  392, 474,  392, 474,  418, 452,  392, 472,  416, 452,  394, 480,  416, 452,  392, 472,  416, 452,  392, 476,  416, 454,  392, 472,  416, 454,  392, 474,  416, 454,  392, 474,  392, 472,  420, 460,  392, 476,  392, 472,  392, 472,  392, 472,  416, 452,  392, 476,  392, 474,  416, 452,  416, 450,  392, 476,  416, 452,  416, 452,  418, 448,  392, 474,  416, 450,  392, 472,  416, 450,  416, 450,  392, 476,  416, 456,  390, 478,  392, 1332,  392, 1332,  416, 450,  416, 450,  416, 1308,  392, 17442,  3440, 1754,  416, 1310,  418, 1314,  390, 476,  392, 472,  416, 452,  394, 1332,  392, 472,  416, 452,  416, 1314,  416, 1312,  392, 476,  418, 1324,  416, 454,  416, 450,  416, 1312,  392, 1332,  416, 452,  416, 1310,  416, 1312,  392, 474,  392, 478,  392, 1332,  418, 448,  416, 452,  392, 1332,  416, 450,  416, 452,  392, 476,  416, 450,  416, 452,  392, 476,  416, 450,  418, 452,  392, 474,  392, 472,  394, 474,  390, 472,  416, 450,  416, 450,  392, 476,  414, 454,  392, 478,  416, 450,  392, 474,  390, 478,  416, 1314,  416, 456,  392, 476,  414, 454,  414, 452,  414, 454,  414, 1312,  416, 1314,  390, 474,  416, 452,  414, 452,  392, 1334,  416, 452,  390, 1332,  390, 1332,  390, 474,  390, 476,  392, 472,  390, 474,  390, 478,  392, 1332,  414, 1314,  390, 474,  390, 474,  418, 460,  390, 1334,  390, 1358,  364, 476,  392, 496,  366, 474,  390, 1356,  390, 1314,  416, 1344,  368, 1358,  390, 478,  366, 498,  390, 478,  366, 498,  390, 480,  390, 476,  390, 476,  390, 476,  392, 480,  390, 478,  390, 478,  392, 476,  390, 476,  368, 496,  390, 476,  366, 500,  390, 480,  366, 502,  392, 476,  366, 500,  390, 478,  392, 482,  366, 500,  366, 500,  366, 498,  366, 498,  390, 476,  390, 478,  366, 500,  368, 496,  392, 478,  392, 480,  392, 474,  390, 476,  366, 498,  390, 476,  390, 478,  366, 500,  366, 502,  366, 500,  366, 500,  366, 498,  366, 500,  368, 498,  392, 480,  366, 498,  392, 476,  366, 498,  392, 476,  366, 498,  390, 480,  390, 478,  390, 476,  366, 498,  366, 498,  366, 498,  366, 502,  366, 498,  390, 476,  390, 478,  390, 1338,  390, 1336,  366, 500,  388, 484,  366, 1362,  366};  // MITSUBISHI_AC
uint8_t state[18] = {0x23, 0xCB, 0x26, 0x01, 0x00, 0x20, 0x18, 0x0D, 0xC6, 0x78, 0x00, 0x00, 0x00, 0x00, 0x00, 0x00, 0x00, 0x98};



#Temp 28
Protocol  : MITSUBISHI_AC
Code      : 0x23CB26010020180CC6780000000000000097 (144 Bits)
Mesg Desc.: Power: On, Mode: 3 (Cool), Temp: 28C, Fan: 0 (Auto), Swing(V): 7 (Swing), Swing(H): 12 (UNKNOWN), Clock: 00:00, On Timer: 00:00, Off Timer: 00:00, Timer: -, Weekly Timer: Off, 10C Heat: Off, ISee: Off, Econo: Off, Absense detect: Off, Direct / Indirect Mode: 0, Fresh: Off
uint16_t rawData[583] = {3514, 1648,  524, 1200,  474, 1252,  490, 376,  464, 404,  468, 400,  484, 1240,  428, 442,  514, 388,  394, 1302,  424, 1326,  428, 438,  420, 1306,  422, 442,  446, 424,  420, 1306,  418, 1308,  444, 424,  420, 1306,  446, 1284,  442, 424,  442, 428,  442, 1282,  442, 428,  418, 446,  444, 1286,  440, 424,  444, 426,  442, 432,  420, 450,  442, 424,  442, 426,  444, 428,  442, 428,  418, 450,  418, 448,  418, 444,  418, 450,  442, 432,  444, 446,  404, 446,  442, 426,  418, 472,  394, 472,  418, 448,  394, 470,  394, 1332,  394, 470,  416, 448,  418, 448,  394, 472,  394, 470,  394, 1328,  394, 1326,  394, 470,  394, 470,  394, 472,  418, 446,  420, 448,  418, 1306,  418, 1310,  394, 474,  394, 474,  394, 474,  418, 450,  420, 450,  418, 1306,  416, 1308,  418, 454,  418, 452,  418, 454,  416, 1308,  394, 1332,  394, 476,  418, 452,  394, 476,  416, 1308,  392, 1330,  418, 1312,  394, 1332,  392, 478,  392, 476,  392, 472,  394, 472,  394, 478,  416, 450,  416, 450,  392, 474,  394, 472,  394, 474,  394, 474,  418, 450,  416, 448,  418, 456,  392, 472,  394, 474,  392, 470,  418, 446,  392, 480,  392, 472,  394, 474,  418, 450,  392, 472,  418, 466,  392, 474,  392, 476,  418, 452,  392, 472,  418, 452,  420, 454,  392, 472,  418, 450,  416, 450,  394, 470,  416, 452,  418, 450,  392, 474,  392, 470,  416, 450,  418, 452,  418, 452,  392, 472,  416, 450,  416, 448,  416, 456,  392, 474,  392, 474,  418, 450,  416, 450,  394, 474,  392, 472,  392, 472,  418, 454,  390, 474,  416, 454,  392, 470,  416, 452,  416, 1312,  392, 1328,  416, 1316,  416, 452,  390, 1334,  416, 452,  392, 476,  392, 1330,  416, 17198,  3416, 1766,  392, 1332,  392, 1332,  416, 454,  392, 470,  416, 448,  416, 1310,  394, 476,  392, 480,  392, 1334,  392, 1334,  392, 478,  392, 1334,  392, 474,  392, 472,  394, 1330,  416, 1308,  416, 452,  416, 1308,  392, 1330,  416, 448,  416, 452,  416, 1310,  416, 454,  392, 472,  392, 1332,  392, 476,  392, 474,  390, 476,  392, 478,  392, 472,  392, 472,  392, 474,  416, 448,  416, 450,  416, 450,  416, 454,  416, 454,  392, 472,  416, 452,  392, 474,  392, 476,  392, 474,  392, 474,  392, 470,  390, 476,  414, 1310,  414, 450,  416, 452,  392, 472,  416, 450,  416, 448,  416, 1310,  414, 1314,  416, 450,  416, 454,  390, 478,  390, 478,  416, 456,  390, 1334,  416, 1314,  416, 464,  390, 474,  414, 452,  414, 476,  366, 472,  416, 1334,  392, 1308,  414, 452,  414, 454,  414, 480,  392, 1334,  392, 1334,  368, 502,  392, 480,  366, 502,  390, 1338,  366, 1356,  368, 1360,  392, 1334,  390, 474,  390, 476,  390, 480,  366, 494,  390, 476,  366, 498,  392, 478,  390, 474,  390, 478,  366, 498,  392, 476,  390, 474,  392, 480,  368, 500,  366, 500,  390, 476,  390, 476,  366, 500,  366, 498,  366, 498,  392, 480,  368, 498,  390, 478,  366, 496,  392, 476,  390, 478,  366, 502,  366, 502,  366, 500,  366, 496,  366, 498,  366, 498,  366, 500,  390, 474,  392, 476,  390, 476,  390, 480,  390, 480,  366, 498,  392, 478,  366, 500,  366, 502,  368, 498,  366, 498,  366, 496,  366, 500,  390, 476,  392, 486,  366, 498,  390, 478,  368, 498,  366, 500,  390, 478,  366, 500,  366, 502,  366, 500,  388, 476,  390, 1336,  390, 1336,  366, 1358,  390, 474,  392, 1338,  366, 500,  366, 502,  366, 1362,  390};  // MITSUBISHI_AC
uint8_t state[18] = {0x23, 0xCB, 0x26, 0x01, 0x00, 0x20, 0x18, 0x0C, 0xC6, 0x78, 0x00, 0x00, 0x00, 0x00, 0x00, 0x00, 0x00, 0x97};


#Temp 27
Protocol  : MITSUBISHI_AC
Code      : 0x23CB26010020180BC6780000000000000096 (144 Bits)
Mesg Desc.: Power: On, Mode: 3 (Cool), Temp: 27C, Fan: 0 (Auto), Swing(V): 7 (Swing), Swing(H): 12 (UNKNOWN), Clock: 00:00, On Timer: 00:00, Off Timer: 00:00, Timer: -, Weekly Timer: Off, 10C Heat: Off, ISee: Off, Econo: Off, Absense detect: Off, Direct / Indirect Mode: 0, Fresh: Off
uint16_t rawData[583] = {3476, 1688,  520, 1204,  474, 1258,  468, 404,  516, 350,  488, 378,  552, 1180,  488, 386,  478, 414,  394, 1300,  452, 1298,  428, 442,  422, 1304,  444, 424,  444, 422,  444, 1284,  444, 1282,  444, 424,  442, 1282,  442, 1286,  418, 448,  420, 446,  442, 1282,  442, 426,  420, 446,  420, 1306,  442, 424,  418, 446,  418, 446,  418, 448,  442, 424,  444, 432,  442, 448,  418, 428,  418, 448,  418, 446,  442, 424,  418, 472,  394, 448,  442, 450,  394, 470,  418, 450,  394, 478,  418, 450,  394, 470,  416, 450,  394, 1330,  418, 450,  394, 470,  394, 470,  394, 472,  418, 452,  418, 1308,  418, 1320,  394, 470,  394, 470,  392, 474,  394, 1330,  394, 1330,  418, 452,  418, 1310,  394, 472,  416, 450,  394, 474,  418, 450,  394, 476,  418, 1308,  418, 1312,  394, 472,  394, 470,  420, 460,  394, 1332,  394, 1332,  392, 470,  420, 450,  394, 470,  418, 1308,  418, 1310,  418, 1314,  418, 1306,  394, 470,  416, 452,  418, 448,  394, 472,  392, 476,  394, 472,  420, 452,  394, 474,  416, 452,  416, 452,  394, 470,  416, 450,  416, 454,  418, 448,  418, 452,  394, 474,  392, 474,  392, 476,  392, 474,  416, 450,  416, 450,  418, 456,  392, 472,  416, 450,  392, 472,  394, 472,  392, 476,  392, 472,  392, 474,  418, 452,  392, 472,  418, 464,  416, 452,  394, 476,  416, 450,  392, 474,  418, 450,  420, 456,  392, 474,  392, 474,  392, 472,  392, 472,  416, 450,  418, 450,  392, 474,  392, 472,  418, 452,  416, 454,  416, 450,  416, 450,  392, 472,  416, 450,  416, 452,  392, 476,  392, 476,  392, 474,  392, 474,  392, 472,  392, 1332,  416, 1314,  392, 474,  416, 1310,  392, 472,  416, 452,  392, 1334,  392, 17220,  3440, 1738,  416, 1310,  418, 1308,  416, 454,  392, 480,  416, 456,  416, 1310,  392, 474,  392, 472,  418, 1310,  392, 1332,  392, 472,  416, 1312,  418, 458,  392, 474,  392, 1332,  418, 1312,  392, 474,  416, 1308,  416, 1310,  416, 452,  392, 482,  390, 1332,  416, 450,  416, 450,  414, 1312,  416, 452,  416, 452,  392, 478,  414, 452,  414, 452,  390, 474,  390, 478,  414, 454,  392, 472,  416, 450,  416, 456,  416, 450,  416, 452,  392, 474,  392, 476,  390, 476,  392, 474,  416, 452,  416, 450,  418, 456,  392, 1334,  392, 474,  392, 476,  390, 474,  416, 452,  414, 454,  390, 1334,  414, 1316,  416, 452,  414, 452,  414, 454,  418, 1320,  414, 1310,  418, 460,  414, 1318,  390, 478,  416, 450,  416, 454,  416, 456,  414, 478,  366, 1360,  390, 1318,  384, 502,  392, 476,  390, 478,  366, 1356,  366, 1356,  366, 498,  392, 474,  390, 476,  390, 1338,  392, 1334,  366, 1356,  390, 1334,  366, 500,  368, 498,  390, 476,  390, 476,  368, 500,  390, 476,  392, 476,  392, 476,  390, 480,  390, 478,  390, 476,  390, 476,  390, 476,  368, 500,  392, 480,  392, 480,  368, 496,  392, 478,  366, 500,  366, 500,  390, 476,  368, 496,  368, 502,  366, 500,  390, 478,  366, 498,  392, 482,  392, 476,  390, 476,  366, 500,  392, 480,  390, 480,  392, 486,  366, 502,  390, 488,  392, 476,  366, 500,  390, 476,  366, 502,  390, 480,  366, 498,  390, 478,  366, 500,  390, 480,  366, 500,  366, 500,  392, 488,  366, 502,  368, 498,  366, 498,  366, 498,  390, 478,  366, 502,  366, 498,  390, 480,  390, 476,  366, 500,  390, 480,  388, 1338,  390, 1338,  366, 500,  366, 1370,  366, 500,  364, 500,  364, 1360,  388};  // MITSUBISHI_AC
uint8_t state[18] = {0x23, 0xCB, 0x26, 0x01, 0x00, 0x20, 0x18, 0x0B, 0xC6, 0x78, 0x00, 0x00, 0x00, 0x00, 0x00, 0x00, 0x00, 0x96};

#Temp 26
Protocol  : MITSUBISHI_AC
Code      : 0x23CB26010020180AC6780000000000000095 (144 Bits)
Mesg Desc.: Power: On, Mode: 3 (Cool), Temp: 26C, Fan: 0 (Auto), Swing(V): 7 (Swing), Swing(H): 12 (UNKNOWN), Clock: 00:00, On Timer: 00:00, Off Timer: 00:00, Timer: -, Weekly Timer: Off, 10C Heat: Off, ISee: Off, Econo: Off, Absense detect: Off, Direct / Indirect Mode: 0, Fresh: Off
uint16_t rawData[583] = {3528, 1630,  472, 1254,  504, 1226,  522, 346,  514, 354,  516, 350,  474, 1252,  490, 380,  478, 416,  448, 1246,  452, 1296,  448, 422,  424, 1302,  446, 422,  444, 424,  420, 1304,  442, 1284,  418, 448,  442, 1282,  444, 1296,  444, 422,  418, 448,  418, 1306,  418, 444,  442, 424,  442, 1282,  444, 428,  442, 424,  444, 422,  418, 448,  444, 424,  444, 434,  418, 446,  442, 426,  418, 450,  416, 472,  418, 448,  394, 446,  416, 474,  394, 450,  440, 424,  442, 438,  430, 430,  444, 448,  418, 448,  394, 472,  396, 1330,  418, 448,  394, 472,  420, 454,  420, 454,  396, 468,  418, 1308,  394, 1332,  418, 450,  420, 452,  418, 450,  394, 472,  418, 1308,  418, 452,  394, 1332,  418, 450,  392, 474,  392, 472,  394, 472,  394, 474,  420, 1308,  394, 1330,  416, 450,  418, 450,  394, 474,  418, 1306,  418, 1308,  392, 470,  418, 450,  418, 450,  394, 1332,  416, 1310,  418, 1312,  418, 1308,  392, 476,  418, 452,  418, 450,  392, 472,  418, 448,  418, 452,  392, 476,  394, 474,  394, 470,  418, 452,  392, 470,  418, 450,  420, 456,  418, 450,  418, 450,  418, 450,  418, 448,  392, 476,  418, 452,  418, 450,  418, 454,  392, 474,  392, 474,  416, 450,  418, 450,  394, 472,  392, 472,  392, 472,  418, 452,  392, 472,  418, 452,  392, 470,  418, 450,  416, 450,  392, 476,  392, 476,  392, 474,  392, 470,  392, 472,  392, 472,  392, 474,  418, 448,  416, 450,  416, 450,  416, 454,  416, 452,  392, 472,  416, 452,  392, 474,  392, 476,  392, 476,  390, 472,  392, 470,  390, 476,  416, 450,  418, 460,  394, 470,  418, 1310,  416, 450,  416, 1312,  416, 450,  392, 1332,  392, 472,  418, 466,  392, 1334,  392, 17428,  3442, 1738,  416, 1310,  416, 1310,  418, 452,  416, 460,  392, 476,  416, 1312,  394, 472,  416, 450,  418, 1312,  392, 1330,  416, 452,  418, 1310,  418, 452,  416, 452,  416, 1312,  390, 1336,  416, 452,  392, 1334,  392, 1336,  392, 472,  390, 478,  392, 1332,  416, 450,  418, 452,  390, 1334,  416, 450,  416, 452,  390, 478,  416, 452,  390, 476,  392, 470,  392, 476,  416, 452,  392, 472,  392, 472,  416, 452,  390, 476,  416, 454,  390, 476,  390, 476,  392, 472,  392, 476,  392, 472,  418, 454,  392, 472,  392, 1334,  390, 470,  390, 476,  390, 478,  390, 476,  416, 452,  416, 1312,  416, 1310,  416, 452,  414, 452,  416, 454,  416, 454,  390, 1334,  390, 488,  376, 1336,  388, 472,  416, 452,  416, 454,  416, 452,  390, 474,  416, 1312,  416, 1310,  416, 478,  390, 478,  366, 474,  416, 1336,  366, 1332,  390, 498,  392, 476,  390, 472,  390, 1338,  366, 1362,  392, 1334,  392, 1334,  392, 480,  390, 476,  366, 500,  366, 498,  366, 500,  366, 510,  366, 498,  364, 500,  364, 502,  390, 474,  390, 476,  390, 474,  392, 478,  392, 478,  366, 498,  390, 478,  366, 500,  366, 502,  366, 500,  366, 498,  366, 496,  366, 500,  392, 474,  392, 486,  366, 498,  392, 478,  366, 500,  366, 500,  392, 476,  366, 500,  364, 502,  366, 500,  390, 474,  392, 478,  390, 482,  390, 478,  390, 476,  366, 500,  366, 500,  390, 478,  366, 500,  366, 502,  366, 496,  366, 498,  366, 506,  366, 498,  392, 480,  366, 504,  364, 500,  366, 504,  364, 500,  364, 502,  364, 508,  388, 478,  388, 478,  364, 502,  366, 502,  364, 1362,  364, 500,  388, 1340,  364, 502,  364, 1358,  390, 476,  390, 476,  390, 1342,  364};  // MITSUBISHI_AC
uint8_t state[18] = {0x23, 0xCB, 0x26, 0x01, 0x00, 0x20, 0x18, 0x0A, 0xC6, 0x78, 0x00, 0x00, 0x00, 0x00, 0x00, 0x00, 0x00, 0x95};



#Temp 25
Protocol  : MITSUBISHI_AC
Code      : 0x23CB260100201809C6780000000000000094 (144 Bits)
Mesg Desc.: Power: On, Mode: 3 (Cool), Temp: 25C, Fan: 0 (Auto), Swing(V): 7 (Swing), Swing(H): 12 (UNKNOWN), Clock: 00:00, On Timer: 00:00, Off Timer: 00:00, Timer: -, Weekly Timer: Off, 10C Heat: Off, ISee: Off, Econo: Off, Absense detect: Off, Direct / Indirect Mode: 0, Fresh: Off
uint16_t rawData[583] = {3526, 1634,  522, 1202,  476, 1258,  520, 352,  488, 378,  490, 376,  552, 1180,  488, 386,  478, 416,  414, 1280,  454, 1296,  426, 444,  422, 1306,  422, 448,  420, 444,  444, 1284,  420, 1304,  420, 448,  420, 1304,  442, 1284,  418, 450,  418, 442,  444, 1284,  418, 448,  418, 446,  420, 1308,  418, 448,  418, 446,  418, 444,  418, 448,  442, 424,  446, 432,  418, 446,  442, 426,  420, 448,  418, 472,  394, 448,  418, 446,  416, 474,  394, 448,  418, 470,  418, 450,  394, 478,  418, 450,  394, 472,  394, 472,  394, 1330,  418, 450,  394, 470,  394, 470,  394, 472,  418, 452,  418, 1308,  418, 1322,  394, 470,  394, 470,  394, 474,  392, 1328,  392, 476,  394, 470,  394, 1334,  394, 468,  418, 450,  394, 470,  392, 472,  418, 452,  394, 1332,  392, 1334,  394, 470,  394, 476,  394, 470,  394, 1328,  394, 1332,  394, 472,  394, 470,  418, 452,  420, 1308,  418, 1310,  418, 1308,  420, 1316,  392, 476,  394, 476,  394, 472,  394, 472,  418, 456,  418, 452,  394, 472,  392, 470,  394, 472,  392, 474,  416, 454,  392, 470,  392, 474,  394, 472,  416, 454,  394, 474,  392, 474,  420, 454,  420, 456,  392, 472,  418, 452,  394, 470,  394, 470,  392, 472,  416, 452,  418, 450,  394, 470,  418, 450,  392, 472,  392, 480,  392, 472,  392, 472,  392, 474,  392, 472,  416, 454,  392, 476,  416, 456,  392, 472,  416, 452,  392, 472,  392, 472,  416, 452,  392, 472,  416, 452,  392, 482,  392, 476,  416, 452,  416, 452,  416, 454,  392, 476,  392, 478,  392, 474,  392, 470,  392, 476,  418, 456,  418, 458,  392, 472,  416, 452,  392, 474,  392, 1336,  416, 458,  418, 1308,  416, 452,  414, 454,  416, 1310,  392, 17220,  3442, 1742,  416, 1308,  416, 1312,  392, 472,  416, 452,  418, 456,  416, 1310,  392, 474,  416, 462,  392, 1332,  416, 1314,  392, 474,  416, 1314,  390, 476,  416, 452,  392, 1334,  416, 1314,  392, 472,  392, 1332,  392, 1332,  392, 474,  392, 474,  416, 1314,  392, 474,  392, 470,  416, 1312,  392, 474,  392, 470,  390, 476,  392, 472,  392, 474,  416, 450,  418, 452,  390, 478,  392, 474,  390, 472,  392, 474,  416, 452,  392, 472,  392, 472,  392, 472,  392, 476,  416, 456,  390, 472,  390, 476,  392, 474,  414, 1312,  390, 474,  392, 474,  414, 454,  390, 476,  392, 476,  390, 1334,  390, 1330,  390, 476,  416, 452,  392, 478,  390, 1336,  392, 476,  390, 474,  390, 1358,  366, 484,  390, 498,  366, 474,  390, 500,  366, 500,  390, 1316,  408, 1314,  418, 474,  368, 478,  390, 498,  366, 1358,  366, 1358,  366, 498,  366, 502,  364, 500,  366, 1358,  392, 1338,  366, 1358,  390, 1334,  392, 476,  392, 476,  366, 500,  366, 498,  366, 502,  366, 496,  390, 478,  366, 498,  366, 502,  366, 502,  366, 504,  366, 500,  366, 496,  366, 502,  392, 480,  394, 484,  366, 498,  390, 478,  366, 500,  366, 500,  366, 500,  366, 498,  366, 502,  368, 500,  366, 498,  390, 478,  366, 506,  392, 478,  366, 500,  368, 498,  366, 502,  390, 478,  366, 500,  368, 502,  366, 500,  366, 502,  366, 502,  366, 498,  392, 486,  366, 502,  366, 498,  366, 498,  366, 500,  368, 498,  368, 502,  366, 498,  390, 482,  364, 498,  366, 502,  390, 478,  390, 482,  366, 498,  364, 500,  390, 476,  366, 500,  366, 500,  366, 498,  366, 502,  390, 480,  366, 1362,  366, 500,  366, 1356,  392, 480,  366, 500,  364, 1356,  390};  // MITSUBISHI_AC
uint8_t state[18] = {0x23, 0xCB, 0x26, 0x01, 0x00, 0x20, 0x18, 0x09, 0xC6, 0x78, 0x00, 0x00, 0x00, 0x00, 0x00, 0x00, 0x00, 0x94};

#Temp 24
Protocol  : MITSUBISHI_AC
Code      : 0x23CB260100201808C6780000000000000093 (144 Bits)
Mesg Desc.: Power: On, Mode: 3 (Cool), Temp: 24C, Fan: 0 (Auto), Swing(V): 7 (Swing), Swing(H): 12 (UNKNOWN), Clock: 00:00, On Timer: 00:00, Off Timer: 00:00, Timer: -, Weekly Timer: Off, 10C Heat: Off, ISee: Off, Econo: Off, Absense detect: Off, Direct / Indirect Mode: 0, Fresh: Off
uint16_t rawData[583] = {3520, 1644,  494, 1230,  468, 1254,  492, 376,  468, 402,  466, 404,  484, 1238,  428, 440,  516, 386,  394, 1304,  452, 1294,  428, 436,  422, 1304,  424, 440,  420, 448,  444, 1282,  442, 1286,  440, 428,  420, 1306,  444, 1282,  418, 454,  442, 428,  444, 1282,  418, 446,  418, 446,  442, 1286,  418, 448,  444, 428,  442, 426,  418, 442,  442, 426,  442, 426,  442, 424,  418, 446,  442, 428,  416, 446,  442, 450,  394, 452,  442, 426,  442, 450,  418, 452,  418, 452,  394, 474,  394, 472,  394, 468,  394, 474,  420, 1312,  418, 448,  418, 450,  394, 470,  418, 448,  418, 446,  418, 1310,  416, 1310,  396, 466,  394, 474,  418, 450,  394, 468,  418, 450,  420, 452,  416, 1310,  392, 470,  420, 452,  394, 476,  394, 472,  394, 476,  394, 1328,  416, 1310,  392, 472,  418, 450,  418, 452,  420, 1310,  418, 1308,  418, 450,  416, 458,  418, 450,  418, 1306,  394, 1332,  418, 1310,  418, 1310,  418, 450,  416, 448,  394, 472,  418, 454,  418, 450,  416, 450,  394, 470,  418, 452,  392, 474,  392, 474,  392, 472,  418, 450,  392, 480,  418, 454,  416, 450,  416, 450,  418, 454,  418, 450,  394, 476,  414, 452,  416, 452,  392, 472,  392, 472,  394, 470,  392, 474,  392, 476,  394, 470,  394, 474,  392, 474,  394, 474,  418, 454,  392, 474,  418, 460,  392, 476,  392, 472,  392, 474,  392, 478,  416, 450,  416, 450,  392, 474,  392, 474,  392, 476,  392, 474,  416, 454,  414, 448,  418, 454,  392, 474,  392, 474,  394, 470,  416, 448,  392, 478,  392, 472,  392, 474,  416, 450,  392, 474,  416, 468,  392, 474,  392, 1332,  416, 1308,  416, 454,  416, 450,  418, 1310,  416, 452,  416, 452,  392, 1334,  390, 17226,  3440, 1742,  418, 1314,  416, 1312,  418, 452,  416, 450,  392, 474,  414, 1310,  392, 474,  392, 482,  390, 1334,  418, 1314,  392, 474,  392, 1332,  416, 452,  392, 472,  394, 1330,  392, 1332,  416, 452,  394, 1334,  416, 1308,  416, 452,  390, 474,  416, 1312,  392, 474,  392, 482,  392, 1334,  414, 450,  416, 452,  416, 454,  392, 474,  392, 474,  416, 456,  392, 474,  416, 452,  416, 448,  416, 450,  418, 450,  416, 454,  416, 452,  416, 450,  414, 452,  392, 474,  414, 452,  414, 454,  390, 478,  414, 450,  416, 1312,  416, 450,  392, 476,  414, 454,  418, 462,  390, 474,  416, 1312,  390, 1334,  416, 452,  416, 456,  414, 454,  392, 474,  414, 452,  414, 450,  416, 1312,  416, 478,  366, 474,  414, 478,  366, 474,  414, 478,  390, 1318,  408, 1312,  414, 486,  366, 502,  392, 476,  390, 1336,  390, 1338,  366, 502,  366, 500,  366, 498,  366, 1358,  366, 1360,  390, 1334,  368, 1356,  392, 476,  390, 478,  366, 500,  366, 500,  392, 478,  366, 496,  390, 478,  390, 478,  392, 476,  366, 498,  390, 478,  366, 498,  390, 478,  366, 502,  390, 476,  390, 478,  390, 480,  390, 478,  368, 502,  366, 500,  366, 496,  366, 502,  392, 482,  392, 484,  368, 496,  392, 478,  366, 500,  368, 500,  390, 476,  366, 500,  364, 502,  366, 500,  390, 474,  390, 478,  390, 484,  392, 478,  390, 476,  366, 500,  366, 500,  390, 478,  366, 500,  366, 502,  366, 500,  366, 502,  366, 502,  366, 500,  392, 486,  366, 504,  388, 476,  366, 498,  390, 476,  366, 500,  388, 480,  366, 498,  390, 480,  390, 476,  384, 482,  390, 1340,  366, 1356,  390, 482,  364, 502,  390, 1338,  366, 496,  366, 502,  368, 1356,  390};  // MITSUBISHI_AC
uint8_t state[18] = {0x23, 0xCB, 0x26, 0x01, 0x00, 0x20, 0x18, 0x08, 0xC6, 0x78, 0x00, 0x00, 0x00, 0x00, 0x00, 0x00, 0x00, 0x93};





#Temp 23
Protocol  : MITSUBISHI_AC
Code      : 0x23CB260100201807C6780000000000000092 (144 Bits)
Mesg Desc.: Power: On, Mode: 3 (Cool), Temp: 23C, Fan: 0 (Auto), Swing(V): 7 (Swing), Swing(H): 12 (UNKNOWN), Clock: 00:00, On Timer: 00:00, Off Timer: 00:00, Timer: -, Weekly Timer: Off, 10C Heat: Off, ISee: Off, Econo: Off, Absense detect: Off, Direct / Indirect Mode: 0, Fresh: Off
uint16_t rawData[583] = {3502, 1660,  496, 1228,  474, 1258,  492, 378,  490, 382,  488, 376,  548, 1186,  486, 384,  480, 422,  418, 1268,  448, 1302,  424, 446,  424, 1304,  446, 422,  420, 446,  420, 1306,  418, 1306,  420, 444,  420, 1304,  418, 1304,  418, 450,  418, 446,  446, 1294,  418, 446,  420, 448,  442, 1286,  418, 446,  420, 446,  420, 450,  442, 426,  418, 450,  418, 448,  442, 426,  444, 426,  442, 426,  442, 450,  394, 472,  394, 470,  394, 448,  418, 474,  394, 472,  394, 474,  420, 450,  394, 470,  420, 452,  420, 454,  394, 1328,  394, 472,  394, 472,  394, 472,  394, 470,  394, 474,  394, 1334,  392, 1334,  392, 474,  418, 452,  394, 474,  418, 1308,  394, 1328,  394, 1330,  394, 472,  394, 476,  394, 472,  394, 470,  418, 450,  394, 468,  418, 1308,  394, 1332,  394, 472,  418, 450,  394, 470,  394, 1326,  420, 1312,  392, 476,  392, 472,  394, 474,  394, 1328,  418, 1308,  394, 1332,  394, 1332,  392, 472,  392, 472,  416, 454,  394, 474,  394, 470,  394, 470,  394, 472,  418, 452,  394, 474,  416, 452,  394, 472,  394, 474,  418, 450,  418, 452,  394, 470,  392, 474,  394, 474,  392, 470,  418, 452,  416, 452,  392, 474,  392, 470,  418, 452,  418, 454,  416, 452,  392, 472,  392, 474,  394, 472,  416, 454,  392, 474,  392, 474,  392, 474,  392, 476,  392, 474,  392, 472,  392, 472,  418, 452,  392, 472,  416, 452,  392, 470,  418, 452,  392, 474,  392, 476,  392, 476,  392, 474,  392, 470,  392, 470,  394, 472,  392, 474,  392, 472,  416, 450,  416, 450,  416, 454,  392, 476,  392, 474,  416, 452,  392, 474,  392, 476,  394, 1330,  416, 452,  416, 450,  418, 1314,  392, 472,  392, 472,  390, 1334,  392, 17222,  3416, 1766,  392, 1336,  392, 1330,  392, 472,  392, 474,  416, 450,  392, 1332,  416, 452,  416, 452,  392, 1334,  416, 1312,  392, 478,  416, 1314,  392, 476,  392, 474,  392, 1332,  418, 1310,  418, 452,  416, 1312,  390, 1334,  392, 472,  416, 454,  390, 1332,  392, 474,  392, 470,  392, 1344,  392, 472,  392, 474,  392, 480,  390, 476,  390, 476,  392, 476,  390, 476,  392, 478,  390, 476,  416, 452,  392, 472,  416, 458,  392, 474,  392, 476,  392, 470,  392, 472,  392, 478,  392, 472,  390, 476,  414, 450,  392, 1332,  414, 454,  414, 450,  392, 474,  416, 452,  392, 474,  416, 1314,  416, 1324,  390, 470,  392, 476,  392, 476,  390, 1332,  416, 1336,  366, 1334,  414, 452,  416, 458,  390, 476,  390, 500,  366, 500,  366, 490,  404, 1338,  366, 1358,  366, 478,  390, 478,  414, 480,  392, 1336,  390, 1340,  366, 500,  366, 498,  366, 502,  364, 1362,  366, 1356,  392, 1338,  366, 1358,  368, 500,  392, 476,  392, 476,  390, 480,  366, 502,  366, 500,  366, 498,  366, 498,  366, 498,  390, 478,  366, 498,  390, 478,  366, 500,  366, 500,  366, 500,  390, 478,  366, 500,  366, 502,  366, 500,  368, 500,  366, 504,  366, 498,  394, 484,  366, 502,  366, 498,  366, 498,  366, 500,  366, 500,  366, 502,  366, 498,  390, 482,  366, 498,  366, 500,  390, 478,  390, 480,  366, 498,  366, 500,  390, 476,  366, 500,  366, 500,  366, 498,  366, 504,  390, 480,  366, 502,  366, 500,  366, 502,  366, 502,  366, 500,  366, 498,  366, 502,  366, 498,  390, 478,  392, 482,  392, 478,  390, 478,  390, 478,  390, 476,  366, 504,  390, 1338,  366, 498,  390, 476,  366, 1360,  364, 500,  366, 500,  366, 1356,  390};  // MITSUBISHI_AC
uint8_t state[18] = {0x23, 0xCB, 0x26, 0x01, 0x00, 0x20, 0x18, 0x07, 0xC6, 0x78, 0x00, 0x00, 0x00, 0x00, 0x00, 0x00, 0x00, 0x92};

#Temp 22

Protocol  : MITSUBISHI_AC
Code      : 0x23CB260100201806C6780000000000000091 (144 Bits)
Mesg Desc.: Power: On, Mode: 3 (Cool), Temp: 22C, Fan: 0 (Auto), Swing(V): 7 (Swing), Swing(H): 12 (UNKNOWN), Clock: 00:00, On Timer: 00:00, Off Timer: 00:00, Timer: -, Weekly Timer: Off, 10C Heat: Off, ISee: Off, Econo: Off, Absense detect: Off, Direct / Indirect Mode: 0, Fresh: Off
uint16_t rawData[583] = {3530, 1632,  520, 1204,  500, 1232,  520, 350,  516, 354,  514, 350,  550, 1186,  488, 382,  478, 410,  456, 1242,  472, 1278,  424, 446,  422, 1304,  446, 422,  420, 448,  420, 1306,  418, 1306,  420, 444,  420, 1304,  418, 1304,  418, 450,  420, 444,  446, 1292,  420, 444,  420, 448,  444, 1284,  418, 446,  418, 448,  420, 450,  442, 426,  418, 448,  420, 446,  444, 426,  442, 426,  442, 426,  444, 426,  418, 448,  420, 444,  418, 446,  418, 450,  418, 448,  418, 452,  442, 428,  416, 446,  444, 426,  444, 454,  396, 1304,  416, 472,  396, 472,  394, 472,  396, 468,  394, 474,  394, 1334,  394, 1334,  396, 470,  420, 450,  392, 476,  418, 450,  394, 1330,  394, 1332,  418, 450,  394, 474,  418, 448,  418, 450,  420, 450,  394, 476,  394, 1332,  420, 1306,  394, 476,  418, 450,  394, 472,  394, 1326,  394, 1334,  392, 476,  418, 452,  394, 474,  418, 1308,  394, 1334,  392, 1330,  392, 1332,  394, 472,  418, 450,  392, 476,  392, 476,  394, 470,  394, 474,  394, 480,  394, 472,  394, 472,  394, 470,  394, 474,  392, 472,  418, 452,  394, 470,  394, 470,  392, 472,  416, 452,  418, 450,  394, 470,  418, 450,  392, 472,  394, 478,  392, 472,  392, 472,  392, 474,  392, 472,  416, 454,  394, 476,  418, 456,  392, 472,  418, 452,  392, 472,  394, 470,  418, 450,  394, 472,  416, 452,  392, 484,  392, 476,  418, 450,  416, 452,  418, 452,  392, 478,  392, 476,  392, 474,  392, 468,  394, 476,  418, 456,  420, 458,  392, 472,  416, 452,  392, 474,  392, 474,  392, 476,  392, 472,  392, 476,  392, 474,  392, 472,  418, 1310,  414, 454,  418, 452,  394, 474,  392, 1330,  392, 476,  418, 450,  392, 1334,  392, 17264,  3442, 1744,  392, 1330,  392, 1328,  418, 460,  392, 474,  392, 472,  416, 1312,  392, 474,  392, 480,  392, 1334,  416, 1314,  390, 476,  416, 1312,  392, 474,  418, 452,  392, 1332,  418, 1312,  392, 472,  392, 1334,  392, 1332,  390, 474,  390, 474,  416, 1314,  392, 474,  392, 470,  416, 1314,  392, 472,  392, 470,  392, 474,  392, 472,  392, 476,  416, 450,  416, 452,  392, 476,  392, 472,  390, 474,  390, 476,  418, 452,  392, 472,  392, 472,  392, 472,  392, 476,  414, 456,  392, 470,  390, 476,  390, 474,  416, 1310,  392, 474,  390, 474,  416, 454,  392, 474,  392, 474,  392, 1334,  390, 1330,  390, 476,  416, 452,  392, 478,  390, 478,  392, 1334,  416, 1312,  390, 476,  392, 480,  392, 472,  390, 474,  390, 476,  392, 474,  416, 1310,  414, 1312,  416, 452,  390, 478,  390, 474,  390, 1334,  392, 1332,  414, 454,  390, 476,  390, 474,  392, 1336,  414, 1310,  390, 1358,  392, 1318,  388, 472,  392, 500,  366, 502,  366, 502,  368, 500,  368, 494,  366, 498,  366, 498,  366, 500,  366, 498,  392, 476,  388, 476,  392, 480,  366, 502,  366, 498,  392, 478,  366, 500,  368, 502,  366, 500,  366, 498,  366, 496,  366, 500,  392, 476,  392, 484,  368, 496,  392, 478,  366, 500,  366, 500,  366, 500,  366, 498,  366, 502,  366, 500,  368, 498,  390, 478,  368, 506,  390, 478,  366, 500,  366, 500,  366, 500,  390, 478,  366, 500,  366, 504,  366, 496,  366, 498,  366, 504,  366, 498,  392, 478,  366, 504,  366, 500,  366, 502,  366, 500,  366, 500,  366, 506,  366, 500,  366, 500,  366, 500,  366, 500,  366, 1360,  366, 500,  366, 500,  390, 478,  390, 1338,  366, 500,  366, 498,  366, 1358,  366};  // MITSUBISHI_AC
uint8_t state[18] = {0x23, 0xCB, 0x26, 0x01, 0x00, 0x20, 0x18, 0x06, 0xC6, 0x78, 0x00, 0x00, 0x00, 0x00, 0x00, 0x00, 0x00, 0x91};



#Temp 21

Protocol  : MITSUBISHI_AC
Code      : 0x23CB260100201805C6780000000000000090 (144 Bits)
Mesg Desc.: Power: On, Mode: 3 (Cool), Temp: 21C, Fan: 0 (Auto), Swing(V): 7 (Swing), Swing(H): 12 (UNKNOWN), Clock: 00:00, On Timer: 00:00, Off Timer: 00:00, Timer: -, Weekly Timer: Off, 10C Heat: Off, ISee: Off, Econo: Off, Absense detect: Off, Direct / Indirect Mode: 0, Fresh: Off
uint16_t rawData[583] = {3498, 1660,  496, 1228,  474, 1258,  496, 378,  490, 380,  486, 378,  520, 1210,  484, 388,  480, 410,  400, 1302,  450, 1296,  428, 442,  422, 1306,  422, 448,  420, 446,  444, 1286,  420, 1306,  418, 450,  418, 1306,  442, 1286,  418, 450,  418, 442,  444, 1284,  418, 448,  418, 446,  420, 1308,  418, 448,  418, 446,  418, 444,  418, 448,  442, 424,  446, 456,  394, 448,  440, 428,  416, 450,  418, 466,  400, 474,  394, 470,  394, 474,  394, 472,  394, 472,  394, 468,  418, 450,  394, 470,  394, 472,  394, 470,  394, 1332,  394, 472,  418, 448,  418, 450,  418, 448,  418, 450,  394, 1330,  394, 1336,  394, 472,  394, 470,  394, 474,  394, 1326,  394, 474,  394, 1334,  418, 450,  394, 468,  418, 450,  418, 450,  418, 448,  394, 470,  418, 1308,  418, 1308,  418, 448,  418, 452,  392, 476,  394, 1332,  392, 1332,  392, 474,  394, 470,  418, 450,  416, 1308,  392, 1332,  418, 1310,  394, 1328,  394, 476,  394, 474,  394, 472,  392, 472,  418, 458,  416, 452,  394, 470,  394, 470,  394, 470,  394, 474,  416, 456,  392, 470,  392, 474,  392, 472,  418, 454,  392, 474,  392, 474,  418, 454,  418, 456,  394, 470,  418, 454,  392, 472,  394, 468,  392, 472,  416, 452,  418, 450,  394, 470,  418, 450,  392, 472,  392, 478,  392, 472,  392, 472,  394, 472,  394, 472,  416, 454,  392, 476,  418, 454,  392, 472,  418, 452,  392, 472,  392, 472,  416, 452,  392, 472,  416, 452,  392, 482,  392, 476,  416, 450,  416, 452,  416, 454,  392, 478,  392, 476,  392, 476,  392, 470,  392, 476,  416, 456,  420, 458,  392, 472,  416, 452,  392, 474,  392, 476,  390, 476,  390, 1334,  414, 450,  392, 476,  392, 1334,  416, 17208,  3442, 1742,  418, 1310,  392, 1330,  392, 472,  416, 450,  394, 474,  416, 1310,  392, 472,  416, 452,  392, 1336,  416, 1312,  392, 476,  416, 1326,  392, 476,  416, 450,  416, 1310,  392, 1336,  392, 476,  392, 1332,  416, 1310,  392, 476,  392, 482,  392, 1330,  392, 476,  416, 450,  392, 1336,  390, 476,  390, 478,  392, 478,  390, 474,  416, 454,  392, 476,  416, 452,  416, 452,  392, 476,  390, 474,  390, 478,  392, 470,  416, 454,  392, 474,  390, 478,  390, 478,  392, 476,  390, 476,  390, 472,  390, 478,  416, 1316,  390, 480,  392, 478,  392, 478,  390, 474,  392, 478,  390, 1340,  410, 1312,  392, 500,  366, 472,  392, 480,  390, 1334,  414, 454,  390, 1330,  390, 500,  366, 502,  368, 498,  366, 496,  366, 500,  366, 504,  366, 1346,  400, 1340,  392, 452,  390, 500,  366, 500,  366, 1364,  366, 1358,  390, 478,  366, 500,  368, 500,  366, 1356,  366, 1366,  368, 1356,  366, 1358,  366, 500,  366, 498,  366, 500,  366, 500,  390, 478,  366, 496,  392, 478,  390, 478,  390, 476,  366, 498,  390, 478,  366, 498,  390, 478,  366, 502,  390, 476,  390, 478,  392, 480,  366, 504,  366, 502,  366, 500,  366, 496,  366, 502,  390, 482,  392, 486,  366, 498,  390, 478,  366, 500,  366, 502,  366, 498,  368, 498,  366, 502,  366, 500,  366, 500,  390, 478,  366, 506,  392, 478,  366, 500,  366, 502,  366, 500,  390, 476,  366, 500,  366, 502,  366, 498,  390, 478,  392, 482,  390, 478,  392, 478,  392, 478,  390, 476,  366, 502,  390, 480,  366, 502,  390, 480,  366, 500,  366, 500,  364, 502,  366, 502,  366, 500,  366, 498,  366, 498,  392, 480,  366, 1362,  366, 498,  366, 496,  364, 1360,  364};  // MITSUBISHI_AC
uint8_t state[18] = {0x23, 0xCB, 0x26, 0x01, 0x00, 0x20, 0x18, 0x05, 0xC6, 0x78, 0x00, 0x00, 0x00, 0x00, 0x00, 0x00, 0x00, 0x90};


#Temp 20

Protocol  : MITSUBISHI_AC
Code      : 0x23CB260100201804C678000000000000008F (144 Bits)
Mesg Desc.: Power: On, Mode: 3 (Cool), Temp: 20C, Fan: 0 (Auto), Swing(V): 7 (Swing), Swing(H): 12 (UNKNOWN), Clock: 00:00, On Timer: 00:00, Off Timer: 00:00, Timer: -, Weekly Timer: Off, 10C Heat: Off, ISee: Off, Econo: Off, Absense detect: Off, Direct / Indirect Mode: 0, Fresh: Off
uint16_t rawData[583] = {3500, 1660,  496, 1228,  474, 1258,  492, 378,  490, 380,  486, 378,  548, 1186,  486, 384,  480, 416,  422, 1268,  448, 1302,  426, 446,  424, 1304,  446, 424,  420, 446,  420, 1306,  418, 1306,  418, 446,  418, 1304,  418, 1304,  420, 450,  418, 446,  446, 1294,  418, 446,  418, 448,  442, 1284,  420, 446,  418, 472,  394, 452,  442, 450,  394, 472,  394, 472,  418, 450,  420, 448,  420, 450,  418, 450,  394, 472,  396, 468,  394, 470,  394, 474,  392, 474,  394, 474,  418, 450,  394, 470,  418, 452,  420, 454,  394, 1328,  394, 472,  394, 472,  394, 472,  394, 470,  394, 474,  394, 1334,  394, 1334,  394, 472,  418, 452,  394, 472,  394, 470,  418, 452,  418, 1308,  392, 474,  394, 478,  392, 470,  394, 472,  392, 474,  394, 470,  418, 1308,  392, 1332,  394, 470,  394, 476,  394, 470,  394, 1330,  418, 1310,  394, 470,  394, 470,  418, 450,  394, 1330,  418, 1310,  394, 1332,  392, 1332,  394, 470,  394, 474,  392, 474,  392, 472,  392, 474,  394, 482,  394, 470,  394, 472,  392, 474,  394, 470,  418, 448,  418, 450,  418, 454,  394, 474,  394, 470,  420, 450,  394, 472,  394, 476,  392, 474,  392, 472,  392, 470,  392, 474,  418, 450,  420, 458,  392, 472,  416, 454,  392, 474,  392, 474,  392, 474,  392, 472,  394, 476,  392, 474,  394, 470,  418, 452,  392, 482,  416, 452,  392, 474,  394, 474,  392, 474,  416, 454,  392, 474,  392, 478,  392, 474,  392, 476,  392, 476,  392, 472,  418, 458,  392, 476,  392, 472,  392, 472,  392, 474,  392, 476,  392, 476,  392, 472,  416, 454,  392, 472,  392, 474,  416, 1312,  392, 1328,  392, 1330,  418, 1308,  416, 450,  416, 454,  392, 474,  392, 1332,  390, 17222,  3418, 1762,  418, 1312,  394, 1330,  416, 454,  392, 474,  394, 470,  392, 1330,  416, 454,  392, 472,  416, 1314,  392, 1334,  392, 474,  390, 1334,  392, 476,  416, 452,  416, 1310,  392, 1334,  392, 478,  390, 1332,  416, 1312,  392, 474,  416, 454,  392, 1330,  392, 474,  392, 472,  416, 1314,  392, 474,  416, 454,  392, 484,  392, 478,  416, 452,  414, 454,  416, 454,  390, 478,  390, 478,  390, 476,  392, 470,  392, 478,  418, 456,  418, 460,  390, 474,  416, 452,  392, 474,  390, 476,  390, 476,  390, 474,  390, 1332,  416, 456,  390, 474,  414, 454,  390, 498,  392, 478,  366, 1348,  392, 1334,  390, 500,  366, 474,  416, 452,  390, 500,  366, 474,  416, 1338,  366, 498,  366, 474,  416, 482,  394, 460,  390, 476,  412, 478,  366, 1360,  390, 1340,  390, 478,  366, 498,  366, 498,  366, 1358,  368, 1360,  366, 502,  366, 500,  366, 498,  390, 1334,  392, 1338,  390, 1338,  366, 1356,  366, 502,  366, 504,  366, 498,  366, 500,  366, 500,  390, 478,  366, 500,  366, 500,  366, 500,  390, 480,  366, 502,  366, 500,  390, 478,  366, 498,  366, 498,  366, 496,  366, 500,  366, 502,  366, 498,  366, 500,  366, 500,  366, 500,  390, 480,  368, 500,  390, 486,  366, 502,  366, 498,  366, 500,  366, 506,  366, 500,  366, 500,  366, 500,  368, 500,  366, 502,  366, 500,  390, 480,  366, 498,  390, 482,  366, 500,  366, 500,  366, 496,  366, 500,  366, 504,  366, 498,  368, 500,  388, 478,  366, 498,  392, 492,  366, 500,  366, 502,  390, 478,  366, 500,  392, 480,  392, 484,  366, 498,  366, 500,  366, 502,  364, 1362,  366, 1360,  364, 1360,  366, 1358,  388, 478,  366, 500,  366, 504,  366, 1356,  390};  // MITSUBISHI_AC
uint8_t state[18] = {0x23, 0xCB, 0x26, 0x01, 0x00, 0x20, 0x18, 0x04, 0xC6, 0x78, 0x00, 0x00, 0x00, 0x00, 0x00, 0x00, 0x00, 0x8F};


#Temp 19

Protocol  : MITSUBISHI_AC
Code      : 0x23CB260100201803C678000000000000008E (144 Bits)
Mesg Desc.: Power: On, Mode: 3 (Cool), Temp: 19C, Fan: 0 (Auto), Swing(V): 7 (Swing), Swing(H): 12 (UNKNOWN), Clock: 00:00, On Timer: 00:00, Off Timer: 00:00, Timer: -, Weekly Timer: Off, 10C Heat: Off, ISee: Off, Econo: Off, Absense detect: Off, Direct / Indirect Mode: 0, Fresh: Off
uint16_t rawData[583] = {3506, 1658,  494, 1230,  494, 1230,  492, 374,  468, 402,  424, 444,  464, 1260,  486, 384,  516, 386,  450, 1248,  448, 1302,  424, 446,  440, 1286,  422, 446,  444, 428,  418, 1308,  418, 1306,  444, 426,  418, 1306,  418, 1308,  416, 450,  444, 422,  444, 1282,  418, 446,  442, 424,  442, 1282,  418, 448,  420, 446,  444, 424,  418, 446,  418, 450,  420, 446,  442, 426,  418, 446,  440, 432,  442, 426,  442, 448,  392, 474,  418, 452,  420, 452,  418, 460,  394, 474,  418, 462,  418, 450,  394, 470,  418, 448,  394, 1330,  418, 450,  418, 450,  394, 470,  418, 450,  418, 450,  418, 1308,  418, 1310,  418, 450,  418, 450,  418, 448,  394, 1334,  418, 1306,  418, 452,  394, 472,  394, 470,  394, 474,  394, 472,  394, 470,  392, 476,  394, 1330,  418, 1308,  416, 450,  392, 472,  392, 470,  418, 1310,  418, 1308,  394, 476,  392, 472,  392, 472,  394, 1332,  392, 1332,  392, 1334,  418, 1308,  418, 454,  418, 452,  392, 472,  418, 448,  418, 450,  394, 472,  418, 448,  418, 458,  416, 450,  416, 452,  392, 474,  394, 470,  420, 448,  392, 474,  394, 474,  416, 452,  392, 472,  416, 452,  394, 480,  416, 452,  394, 470,  416, 450,  394, 476,  416, 452,  394, 472,  416, 452,  394, 474,  418, 452,  394, 474,  392, 472,  420, 460,  392, 476,  392, 472,  394, 472,  392, 472,  416, 452,  392, 476,  392, 472,  416, 452,  418, 450,  392, 474,  418, 452,  416, 454,  416, 450,  392, 474,  416, 450,  392, 472,  416, 450,  416, 450,  392, 476,  416, 454,  392, 478,  392, 474,  392, 474,  392, 476,  392, 474,  392, 472,  416, 452,  392, 1332,  416, 1314,  392, 1334,  392, 474,  392, 472,  416, 454,  392, 1332,  414, 17200,  3440, 1742,  392, 1334,  416, 1310,  392, 472,  392, 472,  416, 450,  416, 1310,  416, 450,  416, 450,  416, 1310,  392, 1332,  392, 472,  392, 1334,  392, 472,  416, 452,  416, 1310,  416, 1308,  392, 472,  392, 1332,  392, 1330,  392, 472,  392, 476,  414, 1310,  390, 478,  392, 474,  392, 1334,  392, 474,  416, 452,  392, 474,  392, 478,  392, 474,  392, 472,  392, 474,  392, 472,  416, 456,  414, 456,  416, 456,  414, 450,  416, 450,  414, 452,  390, 474,  414, 454,  390, 474,  416, 454,  390, 482,  416, 456,  416, 1312,  390, 476,  390, 474,  416, 454,  390, 476,  414, 454,  392, 1332,  390, 1332,  414, 452,  390, 474,  414, 452,  414, 1340,  390, 1312,  390, 478,  416, 454,  392, 472,  392, 472,  392, 474,  390, 476,  390, 474,  416, 1336,  366, 1356,  390, 474,  368, 498,  390, 482,  390, 1334,  366, 1358,  366, 502,  390, 480,  392, 476,  390, 1338,  366, 1358,  366, 1360,  390, 1334,  392, 480,  390, 478,  366, 498,  366, 500,  366, 500,  366, 500,  366, 502,  368, 500,  366, 498,  390, 478,  366, 500,  392, 476,  392, 482,  392, 478,  390, 478,  390, 478,  390, 476,  366, 502,  392, 480,  366, 502,  366, 500,  390, 476,  392, 478,  390, 478,  366, 502,  366, 502,  366, 500,  390, 480,  366, 508,  390, 482,  390, 476,  390, 476,  392, 480,  392, 476,  366, 502,  390, 476,  366, 498,  366, 502,  392, 482,  392, 482,  390, 476,  390, 478,  366, 498,  368, 498,  390, 476,  366, 500,  366, 500,  390, 478,  366, 500,  390, 478,  366, 508,  390, 478,  366, 498,  390, 478,  366, 502,  388, 480,  364, 500,  388, 480,  366, 1356,  388, 1336,  366, 1358,  390, 480,  390, 476,  388, 480,  388, 1336,  364};  // MITSUBISHI_AC
uint8_t state[18] = {0x23, 0xCB, 0x26, 0x01, 0x00, 0x20, 0x18, 0x03, 0xC6, 0x78, 0x00, 0x00, 0x00, 0x00, 0x00, 0x00, 0x00, 0x8E};



#Temp 18

Protocol  : MITSUBISHI_AC
Code      : 0x23CB260100201802C678000000000000008D (144 Bits)
Mesg Desc.: Power: On, Mode: 3 (Cool), Temp: 18C, Fan: 0 (Auto), Swing(V): 7 (Swing), Swing(H): 12 (UNKNOWN), Clock: 00:00, On Timer: 00:00, Off Timer: 00:00, Timer: -, Weekly Timer: Off, 10C Heat: Off, ISee: Off, Econo: Off, Absense detect: Off, Direct / Indirect Mode: 0, Fresh: Off
uint16_t rawData[583] = {3500, 1658,  472, 1256,  474, 1258,  470, 402,  490, 374,  488, 376,  464, 1258,  486, 386,  482, 408,  418, 1280,  454, 1296,  424, 444,  424, 1302,  446, 424,  442, 428,  418, 1306,  420, 1304,  418, 446,  442, 1286,  418, 1306,  440, 422,  444, 430,  442, 1282,  444, 424,  442, 426,  444, 1286,  418, 448,  418, 446,  420, 448,  418, 456,  418, 446,  418, 446,  418, 448,  442, 424,  442, 424,  442, 424,  442, 432,  438, 450,  394, 446,  442, 426,  416, 472,  396, 474,  394, 472,  394, 470,  394, 468,  394, 472,  418, 1310,  394, 472,  418, 450,  394, 474,  394, 470,  418, 452,  394, 1326,  418, 1308,  392, 472,  394, 472,  394, 470,  394, 474,  418, 1310,  392, 470,  416, 458,  394, 474,  418, 450,  416, 452,  418, 452,  416, 452,  394, 1332,  418, 1308,  394, 480,  418, 454,  416, 450,  416, 1310,  394, 1332,  416, 452,  416, 450,  418, 452,  416, 1308,  416, 1308,  418, 1308,  418, 1308,  416, 450,  418, 452,  416, 450,  418, 452,  392, 476,  416, 452,  394, 472,  394, 468,  394, 476,  418, 450,  394, 470,  394, 474,  392, 474,  418, 450,  416, 450,  418, 450,  394, 474,  416, 452,  392, 476,  418, 450,  418, 452,  392, 470,  394, 472,  392, 470,  392, 474,  394, 476,  392, 472,  392, 474,  392, 476,  392, 474,  416, 454,  394, 474,  416, 460,  392, 476,  392, 472,  392, 474,  392, 478,  416, 450,  416, 450,  392, 474,  392, 474,  392, 476,  392, 474,  416, 452,  416, 448,  416, 456,  392, 474,  392, 474,  392, 470,  414, 450,  390, 480,  392, 472,  392, 476,  416, 450,  392, 472,  418, 466,  392, 474,  392, 1332,  418, 448,  416, 1314,  416, 1310,  392, 476,  392, 472,  416, 454,  392, 1332,  390, 17226,  3440, 1742,  392, 1330,  418, 1310,  394, 470,  394, 474,  392, 482,  392, 1330,  416, 450,  416, 452,  392, 1332,  416, 1316,  392, 474,  416, 1310,  416, 458,  416, 448,  418, 1310,  416, 1314,  392, 472,  416, 1310,  416, 1310,  392, 474,  392, 472,  390, 1332,  416, 452,  416, 454,  390, 1334,  416, 450,  416, 452,  392, 478,  414, 454,  392, 474,  392, 470,  390, 478,  414, 454,  392, 472,  392, 476,  390, 476,  416, 452,  416, 452,  416, 452,  390, 476,  416, 452,  392, 478,  416, 452,  414, 454,  390, 472,  392, 1334,  394, 470,  392, 472,  416, 452,  392, 484,  384, 478,  414, 1312,  416, 1312,  390, 474,  390, 498,  390, 476,  390, 478,  366, 1332,  390, 498,  390, 454,  388, 476,  416, 452,  416, 486,  366, 474,  414, 478,  366, 1346,  404, 1316,  414, 478,  366, 498,  366, 498,  366, 1358,  366, 1362,  390, 478,  368, 470,  414, 476,  366, 1356,  390, 1338,  390, 1336,  390, 1334,  390, 482,  366, 504,  388, 476,  368, 498,  392, 478,  366, 498,  390, 476,  390, 480,  390, 478,  366, 502,  366, 498,  390, 478,  366, 500,  366, 496,  390, 478,  390, 476,  366, 496,  366, 502,  390, 476,  368, 498,  392, 482,  392, 476,  366, 498,  366, 498,  366, 498,  390, 476,  392, 480,  366, 496,  390, 476,  366, 498,  390, 480,  390, 478,  366, 500,  392, 480,  394, 482,  366, 498,  392, 480,  366, 498,  366, 496,  366, 498,  392, 478,  390, 478,  390, 474,  392, 478,  366, 498,  390, 482,  364, 498,  368, 496,  366, 500,  366, 500,  388, 482,  364, 502,  392, 482,  366, 498,  390, 478,  366, 500,  388, 476,  390, 1338,  388, 476,  366, 1358,  364, 1358,  392, 488,  364, 500,  374, 492,  388, 1336,  388};  // MITSUBISHI_AC
uint8_t state[18] = {0x23, 0xCB, 0x26, 0x01, 0x00, 0x20, 0x18, 0x02, 0xC6, 0x78, 0x00, 0x00, 0x00, 0x00, 0x00, 0x00, 0x00, 0x8D};



#Temp 17

Protocol  : MITSUBISHI_AC
Code      : 0x23CB260100201801C678000000000000008C (144 Bits)
Mesg Desc.: Power: On, Mode: 3 (Cool), Temp: 17C, Fan: 0 (Auto), Swing(V): 7 (Swing), Swing(H): 12 (UNKNOWN), Clock: 00:00, On Timer: 00:00, Off Timer: 00:00, Timer: -, Weekly Timer: Off, 10C Heat: Off, ISee: Off, Econo: Off, Absense detect: Off, Direct / Indirect Mode: 0, Fresh: Off
uint16_t rawData[583] = {3526, 1636,  496, 1230,  474, 1258,  494, 376,  498, 372,  484, 380,  546, 1188,  486, 384,  478, 418,  422, 1268,  446, 1302,  424, 446,  424, 1304,  446, 422,  420, 448,  420, 1306,  420, 1306,  420, 444,  418, 1304,  418, 1304,  418, 450,  420, 444,  446, 1294,  418, 446,  418, 448,  442, 1284,  420, 446,  418, 448,  416, 452,  442, 426,  418, 448,  418, 470,  418, 428,  442, 426,  442, 426,  442, 450,  394, 472,  394, 468,  396, 470,  396, 474,  394, 472,  394, 474,  418, 450,  394, 470,  420, 450,  420, 454,  394, 1328,  394, 472,  394, 472,  394, 472,  394, 470,  394, 474,  394, 1334,  394, 1334,  394, 472,  418, 452,  392, 476,  416, 1310,  394, 472,  394, 474,  394, 474,  394, 474,  394, 476,  394, 472,  394, 470,  394, 474,  394, 1334,  392, 1330,  418, 452,  418, 452,  416, 452,  418, 1314,  392, 1330,  394, 476,  394, 474,  392, 472,  418, 1314,  394, 1328,  418, 1312,  394, 1332,  394, 474,  392, 472,  392, 472,  394, 468,  394, 476,  418, 448,  394, 474,  418, 448,  418, 452,  392, 476,  392, 470,  394, 472,  394, 474,  416, 452,  392, 472,  394, 470,  394, 472,  392, 474,  418, 454,  392, 470,  392, 474,  392, 472,  416, 454,  392, 472,  416, 452,  392, 472,  392, 474,  392, 472,  416, 454,  392, 474,  392, 470,  418, 450,  392, 476,  392, 476,  392, 472,  416, 454,  392, 470,  418, 450,  394, 476,  392, 474,  418, 450,  416, 452,  418, 450,  416, 452,  392, 476,  416, 454,  392, 474,  392, 470,  392, 476,  392, 478,  392, 472,  392, 474,  392, 474,  418, 452,  392, 474,  392, 474,  392, 476,  414, 454,  392, 478,  392, 1332,  392, 1336,  392, 472,  418, 452,  392, 476,  416, 1310,  416, 17368,  3440, 1740,  416, 1312,  416, 1308,  416, 452,  392, 474,  392, 474,  392, 1334,  392, 476,  394, 474,  392, 1336,  392, 1330,  416, 452,  416, 1308,  392, 474,  416, 456,  418, 1318,  392, 1332,  416, 454,  392, 1334,  416, 1310,  392, 484,  392, 476,  416, 1312,  392, 474,  390, 474,  416, 1312,  392, 476,  390, 474,  392, 470,  392, 474,  416, 450,  418, 460,  392, 472,  416, 452,  392, 474,  390, 476,  390, 476,  392, 472,  392, 478,  392, 476,  390, 474,  416, 452,  392, 482,  416, 454,  392, 474,  392, 474,  390, 1336,  390, 478,  390, 476,  390, 476,  390, 474,  414, 454,  416, 1310,  416, 1312,  416, 452,  416, 452,  416, 450,  390, 1336,  416, 452,  416, 480,  368, 498,  366, 474,  390, 502,  366, 476,  392, 474,  416, 454,  390, 1362,  392, 1328,  414, 452,  392, 500,  366, 500,  368, 1362,  366, 1356,  390, 454,  390, 500,  366, 500,  366, 1356,  366, 1368,  366, 1356,  366, 1358,  366, 500,  368, 498,  366, 500,  366, 500,  390, 478,  366, 496,  392, 478,  390, 478,  392, 476,  366, 498,  390, 478,  366, 498,  390, 478,  366, 502,  392, 476,  390, 478,  390, 482,  366, 502,  366, 502,  366, 500,  366, 496,  366, 504,  390, 482,  392, 486,  366, 498,  390, 478,  366, 500,  366, 500,  366, 500,  366, 498,  366, 502,  366, 500,  366, 498,  390, 478,  366, 508,  392, 478,  366, 498,  368, 500,  366, 500,  390, 478,  366, 500,  366, 502,  366, 496,  366, 498,  366, 504,  366, 498,  390, 480,  368, 502,  366, 500,  366, 504,  366, 498,  366, 500,  366, 504,  368, 498,  368, 500,  366, 500,  366, 502,  366, 502,  366, 500,  390, 1334,  390, 1334,  390, 480,  390, 482,  364, 502,  364, 1358,  390};  // MITSUBISHI_AC
uint8_t state[18] = {0x23, 0xCB, 0x26, 0x01, 0x00, 0x20, 0x18, 0x01, 0xC6, 0x78, 0x00, 0x00, 0x00, 0x00, 0x00, 0x00, 0x00, 0x8C};



#Temp 16

Protocol  : MITSUBISHI_AC
Code      : 0x23CB260100201800C6B800000000000000CB (144 Bits)
Mesg Desc.: Power: On, Mode: 3 (Cool), Temp: 16C, Fan: 0 (Auto), Swing(V): 7 (Swing), Swing(H): 12 (UNKNOWN), Clock: 00:00, On Timer: 00:00, Off Timer: 00:00, Timer: -, Weekly Timer: Off, 10C Heat: Off, ISee: Off, Econo: Off, Absense detect: Off, Direct / Indirect Mode: 0, Fresh: Off
uint16_t rawData[583] = {3474, 1684,  468, 1258,  474, 1256,  492, 374,  490, 380,  488, 382,  470, 1254,  466, 406,  422, 470,  448, 1248,  450, 1296,  450, 420,  424, 1302,  446, 424,  444, 424,  420, 1306,  420, 1304,  442, 428,  442, 1282,  444, 1296,  442, 424,  420, 446,  418, 1304,  418, 446,  442, 424,  418, 1304,  444, 428,  442, 424,  442, 426,  418, 448,  442, 424,  444, 430,  442, 424,  442, 426,  418, 474,  394, 446,  442, 426,  416, 474,  394, 464,  426, 450,  394, 470,  418, 450,  394, 480,  418, 450,  394, 472,  416, 450,  394, 1332,  416, 450,  416, 450,  420, 454,  420, 452,  394, 470,  418, 1312,  394, 1330,  418, 452,  416, 454,  418, 448,  418, 450,  394, 470,  418, 448,  418, 450,  394, 472,  394, 476,  394, 472,  394, 472,  394, 470,  394, 1330,  420, 1310,  416, 450,  394, 472,  392, 472,  418, 1308,  418, 1310,  392, 476,  394, 470,  394, 472,  392, 1334,  416, 1310,  420, 1318,  392, 476,  392, 1332,  394, 470,  418, 450,  394, 470,  418, 452,  416, 450,  416, 450,  418, 448,  418, 454,  416, 450,  418, 452,  418, 450,  416, 450,  394, 470,  416, 450,  392, 474,  416, 452,  394, 476,  416, 450,  392, 474,  418, 450,  420, 456,  392, 474,  392, 474,  392, 472,  392, 472,  418, 450,  418, 450,  392, 474,  392, 476,  416, 452,  418, 454,  392, 472,  392, 474,  392, 474,  416, 454,  392, 476,  392, 472,  418, 462,  392, 476,  392, 472,  394, 472,  392, 472,  416, 452,  392, 476,  392, 474,  416, 452,  416, 450,  392, 474,  416, 452,  416, 452,  420, 446,  392, 474,  416, 450,  392, 472,  416, 450,  416, 450,  392, 1332,  392, 1334,  392, 476,  392, 1330,  416, 452,  416, 450,  416, 1312,  392, 1332,  390, 17220,  3440, 1738,  416, 1314,  394, 1332,  416, 456,  416, 452,  392, 472,  392, 1330,  416, 462,  392, 474,  392, 1332,  392, 1332,  392, 472,  416, 1312,  414, 454,  392, 472,  392, 1334,  392, 1330,  418, 452,  416, 1310,  390, 1332,  392, 474,  416, 452,  390, 1334,  390, 476,  416, 450,  416, 1310,  416, 452,  392, 472,  416, 454,  392, 474,  416, 454,  416, 454,  392, 474,  416, 452,  392, 472,  416, 450,  416, 452,  392, 474,  416, 456,  390, 474,  392, 476,  392, 474,  414, 450,  416, 454,  392, 476,  416, 450,  416, 1312,  390, 474,  390, 478,  414, 454,  392, 474,  390, 478,  414, 1310,  390, 1336,  390, 474,  414, 462,  392, 476,  390, 478,  390, 474,  414, 454,  390, 476,  390, 476,  388, 500,  366, 474,  390, 498,  366, 478,  390, 1334,  414, 1312,  390, 478,  386, 498,  392, 484,  368, 1334,  390, 1356,  366, 494,  372, 498,  366, 498,  366, 1356,  390, 1336,  392, 1344,  366, 504,  366, 1358,  366, 498,  392, 476,  366, 498,  392, 480,  390, 476,  390, 476,  390, 476,  390, 480,  390, 478,  390, 480,  390, 476,  390, 476,  366, 498,  392, 476,  366, 500,  390, 478,  366, 502,  392, 476,  366, 500,  392, 478,  392, 482,  366, 500,  366, 500,  366, 498,  366, 498,  392, 476,  392, 476,  368, 500,  366, 498,  390, 478,  390, 480,  390, 476,  390, 476,  366, 498,  390, 476,  392, 478,  366, 500,  366, 502,  366, 500,  366, 500,  368, 498,  366, 500,  366, 498,  392, 480,  366, 498,  390, 478,  364, 498,  392, 476,  366, 498,  390, 480,  390, 480,  388, 478,  366, 498,  364, 500,  366, 498,  366, 502,  364, 1358,  390, 1338,  390, 476,  364, 1358,  390, 478,  366, 500,  366, 1360,  366, 1360,  390};  // MITSUBISHI_AC
uint8_t state[18] = {0x23, 0xCB, 0x26, 0x01, 0x00, 0x20, 0x18, 0x00, 0xC6, 0xB8, 0x00, 0x00, 0x00, 0x00, 0x00, 0x00, 0x00, 0xCB};

