Timestamp : 000135.625
Library   : v2.8.6

Protocol  : FUJITSU_AC
Code      : 0x1463001010FE0930E0000000000020D0 (128 Bits)
Mesg Desc.: Model: 1 (ARRAH2E), Id: 0, Power: On, Mode: 0 (Auto), Temp: 30C, Fan: 0 (Auto), Clean: Off, Filter: Off, 10C Heat: Off, Swing: 0 (Off), Command: N/A, Timer: Off
uint16_t rawData[259] = {3422, 1546,  518, 312,  518, 332,  496, 1138,  518, 332,  494, 1140,  516, 334,  468, 360,  460, 368,  452, 1200,  426, 1230,  424, 432,  394, 412,  414, 412,  414, 1242,  414, 1242,  414, 412,  414, 414,  414, 414,  416, 412,  416, 414,  414, 412,  414, 414,  414, 414,  414, 414,  414, 414,  414, 414,  414, 414,  416, 412,  414, 1242,  414, 436,  392, 412,  414, 414,  414, 414,  414, 436,  392, 434,  394, 436,  390, 1264,  392, 436,  392, 414,  414, 436,  390, 438,  392, 1264,  390, 1264,  392, 1262,  394, 1262,  390, 1264,  392, 1264,  390, 1264,  390, 1264,  392, 436,  392, 436,  392, 1264,  390, 436,  392, 436,  392, 436,  392, 436,  392, 438,  390, 436,  392, 438,  390, 436,  392, 1264,  392, 1264,  390, 438,  390, 436,  390, 436,  392, 436,  390, 436,  390, 436,  392, 436,  390, 1264,  392, 1264,  390, 1264,  390, 436,  392, 438,  390, 438,  390, 438,  390, 438,  390, 438,  390, 438,  390, 438,  390, 438,  390, 436,  392, 438,  390, 436,  390, 438,  390, 438,  390, 438,  390, 438,  390, 438,  390, 436,  390, 438,  390, 438,  390, 438,  390, 438,  390, 436,  390, 438,  390, 438,  390, 438,  390, 438,  390, 438,  390, 438,  390, 438,  390, 438,  390, 438,  390, 438,  390, 438,  390, 438,  390, 438,  388, 438,  390, 438,  390, 438,  390, 438,  390, 438,  390, 438,  390, 438,  388, 438,  390, 438,  390, 1266,  390, 440,  388, 438,  388, 440,  388, 440,  388, 438,  390, 438,  390, 1266,  388, 438,  390, 1268,  388, 1268,  390};  // FUJITSU_AC
uint8_t state[16] = {0x14, 0x63, 0x00, 0x10, 0x10, 0xFE, 0x09, 0x30, 0xE0, 0x00, 0x00, 0x00, 0x00, 0x00, 0x20, 0xD0};

Protocol  : FUJITSU_AC
Code      : 0x1463001010FE0930D0000000000020E0 (128 Bits)
Mesg Desc.: Model: 1 (ARRAH2E), Id: 0, Power: On, Mode: 0 (Auto), Temp: 29C, Fan: 0 (Auto), Clean: Off, Filter: Off, 10C Heat: Off, Swing: 0 (Off), Command: N/A, Timer: Off
uint16_t rawData[259] = {3418, 1552,  518, 334,  494, 332,  498, 1138,  520, 328,  498, 1156,  502, 328,  500, 328,  466, 362,  458, 1196,  430, 1226,  428, 430,  398, 430,  396, 410,  418, 1238,  418, 1238,  418, 410,  418, 410,  418, 412,  418, 410,  418, 410,  416, 412,  416, 412,  418, 410,  418, 412,  418, 410,  416, 410,  418, 410,  416, 418,  412, 1238,  416, 410,  418, 432,  396, 432,  396, 422,  406, 432,  396, 432,  396, 432,  394, 1262,  396, 432,  396, 432,  394, 432,  396, 432,  396, 1262,  394, 1262,  396, 1260,  396, 1262,  394, 1262,  396, 1262,  394, 1264,  394, 1262,  394, 432,  396, 434,  394, 1262,  394, 434,  394, 434,  396, 432,  396, 434,  394, 432,  396, 434,  394, 434,  394, 434,  396, 1260,  394, 1262,  394, 434,  394, 432,  396, 434,  394, 434,  394, 434,  394, 434,  394, 1262,  394, 434,  394, 1262,  394, 1262,  394, 434,  396, 432,  394, 434,  394, 434,  394, 434,  394, 434,  394, 434,  394, 432,  394, 434,  394, 434,  394, 434,  394, 434,  396, 434,  394, 434,  394, 434,  394, 434,  394, 434,  394, 434,  394, 434,  394, 434,  392, 434,  394, 436,  392, 434,  394, 434,  394, 434,  394, 434,  394, 436,  392, 436,  392, 436,  394, 434,  394, 434,  394, 434,  392, 434,  392, 436,  392, 436,  392, 434,  394, 434,  394, 434,  394, 434,  392, 436,  392, 436,  392, 436,  392, 436,  392, 436,  392, 436,  392, 1262,  392, 436,  392, 436,  392, 436,  392, 436,  392, 436,  392, 438,  390, 436,  390, 1266,  392, 1264,  392, 1264,  392};  // FUJITSU_AC
uint8_t state[16] = {0x14, 0x63, 0x00, 0x10, 0x10, 0xFE, 0x09, 0x30, 0xD0, 0x00, 0x00, 0x00, 0x00, 0x00, 0x20, 0xE0};


Timestamp : 000142.375
Library   : v2.8.6

Protocol  : FUJITSU_AC
Code      : 0x1463001010FE0930C0000000000020F0 (128 Bits)
Mesg Desc.: Model: 1 (ARRAH2E), Id: 0, Power: On, Mode: 0 (Auto), Temp: 28C, Fan: 0 (Auto), Clean: Off, Filter: Off, 10C Heat: Off, Swing: 0 (Off), Command: N/A, Timer: Off
uint16_t rawData[259] = {3382, 1602,  464, 396,  436, 392,  464, 1158,  500, 332,  496, 1154,  500, 330,  502, 328,  464, 364,  456, 1196,  430, 1226,  426, 430,  396, 432,  396, 432,  394, 1262,  394, 1260,  396, 432,  396, 432,  396, 432,  396, 430,  396, 432,  396, 432,  396, 432,  396, 432,  396, 432,  396, 432,  398, 432,  396, 432,  396, 434,  394, 1262,  394, 434,  396, 432,  396, 432,  396, 432,  396, 434,  396, 432,  396, 432,  398, 1260,  394, 432,  396, 432,  394, 434,  396, 432,  394, 1262,  394, 1262,  394, 1262,  396, 1262,  394, 1262,  394, 1262,  394, 1262,  394, 1262,  394, 434,  394, 434,  394, 1264,  392, 434,  394, 434,  394, 434,  394, 434,  392, 434,  394, 434,  394, 434,  394, 434,  394, 1262,  392, 1264,  394, 434,  394, 434,  394, 434,  394, 434,  394, 434,  394, 436,  392, 436,  394, 434,  394, 1264,  392, 1264,  392, 434,  394, 434,  392, 436,  394, 434,  394, 434,  394, 436,  392, 436,  394, 434,  394, 436,  392, 434,  394, 434,  392, 436,  392, 436,  392, 436,  392, 436,  392, 436,  392, 436,  392, 436,  392, 436,  392, 434,  392, 436,  392, 436,  392, 436,  392, 436,  392, 436,  392, 436,  392, 436,  392, 436,  392, 436,  392, 436,  392, 436,  392, 436,  390, 438,  392, 436,  392, 436,  392, 436,  390, 436,  392, 436,  392, 436,  392, 436,  392, 436,  392, 436,  392, 436,  392, 436,  390, 438,  390, 1266,  390, 436,  390, 438,  390, 438,  390, 438,  390, 436,  390, 438,  390, 1266,  390, 1266,  390, 1264,  390, 1266,  390};  // FUJITSU_AC
uint8_t state[16] = {0x14, 0x63, 0x00, 0x10, 0x10, 0xFE, 0x09, 0x30, 0xC0, 0x00, 0x00, 0x00, 0x00, 0x00, 0x20, 0xF0};



Timestamp : 000145.373
Library   : v2.8.6

Protocol  : FUJITSU_AC
Code      : 0x1463001010FE0930B000000000002000 (128 Bits)
Mesg Desc.: Model: 1 (ARRAH2E), Id: 0, Power: On, Mode: 0 (Auto), Temp: 27C, Fan: 0 (Auto), Clean: Off, Filter: Off, 10C Heat: Off, Swing: 0 (Off), Command: N/A, Timer: Off
uint16_t rawData[259] = {3362, 1602,  464, 398,  432, 396,  464, 1160,  498, 336,  494, 1156,  502, 330,  500, 328,  470, 358,  458, 1194,  430, 1226,  428, 430,  396, 432,  394, 432,  396, 1260,  396, 1260,  394, 432,  396, 432,  396, 432,  396, 432,  396, 432,  396, 432,  394, 434,  396, 432,  394, 432,  394, 434,  394, 434,  394, 432,  394, 432,  396, 1260,  396, 432,  394, 434,  394, 432,  396, 432,  394, 432,  394, 434,  394, 434,  394, 1260,  394, 434,  396, 432,  394, 434,  394, 434,  394, 1264,  394, 1264,  394, 1262,  394, 1262,  394, 1262,  394, 1262,  394, 1262,  392, 1262,  394, 434,  394, 434,  394, 1264,  392, 434,  392, 434,  394, 434,  394, 434,  394, 434,  394, 434,  394, 434,  394, 432,  394, 1262,  394, 1262,  392, 436,  392, 436,  394, 434,  392, 436,  392, 436,  392, 436,  392, 1264,  392, 1264,  390, 436,  392, 1264,  392, 436,  392, 434,  394, 436,  392, 434,  392, 436,  392, 436,  392, 436,  392, 436,  392, 436,  392, 436,  392, 438,  390, 436,  392, 436,  392, 436,  392, 436,  392, 434,  392, 436,  392, 436,  392, 436,  392, 438,  390, 436,  392, 436,  392, 436,  390, 436,  392, 436,  392, 434,  392, 436,  392, 436,  392, 436,  392, 436,  390, 436,  392, 436,  392, 436,  392, 436,  392, 436,  390, 436,  390, 438,  390, 438,  390, 438,  390, 436,  390, 438,  390, 436,  390, 438,  390, 436,  390, 436,  392, 1264,  392, 436,  390, 438,  390, 438,  390, 436,  390, 438,  390, 438,  390, 438,  390, 438,  390, 438,  390, 438,  390};  // FUJITSU_AC
uint8_t state[16] = {0x14, 0x63, 0x00, 0x10, 0x10, 0xFE, 0x09, 0x30, 0xB0, 0x00, 0x00, 0x00, 0x00, 0x00, 0x20, 0x00};



Timestamp : 000149.623
Library   : v2.8.6

Protocol  : FUJITSU_AC
Code      : 0x1463001010FE0930A000000000002010 (128 Bits)
Mesg Desc.: Model: 1 (ARRAH2E), Id: 0, Power: On, Mode: 0 (Auto), Temp: 26C, Fan: 0 (Auto), Clean: Off, Filter: Off, 10C Heat: Off, Swing: 0 (Off), Command: N/A, Timer: Off
uint16_t rawData[259] = {3366, 1602,  466, 394,  462, 342,  490, 1158,  502, 332,  496, 1154,  502, 330,  500, 328,  466, 362,  454, 1198,  430, 1228,  426, 432,  396, 430,  398, 430,  396, 1260,  396, 1260,  396, 432,  396, 434,  394, 432,  396, 432,  396, 432,  396, 432,  396, 432,  396, 432,  396, 432,  396, 432,  396, 432,  396, 432,  396, 432,  396, 1262,  396, 432,  396, 432,  396, 432,  396, 432,  396, 432,  396, 432,  396, 432,  394, 1260,  396, 434,  394, 434,  396, 434,  396, 432,  394, 1262,  396, 1262,  396, 1262,  394, 1262,  394, 1262,  396, 1262,  394, 1262,  394, 1262,  396, 434,  396, 432,  396, 1260,  394, 434,  396, 432,  394, 434,  396, 432,  396, 434,  394, 432,  394, 434,  394, 432,  394, 1262,  394, 1262,  394, 434,  394, 434,  394, 434,  394, 434,  394, 434,  394, 434,  394, 434,  394, 1264,  392, 434,  394, 1262,  394, 434,  394, 436,  392, 434,  394, 436,  394, 434,  394, 434,  392, 436,  394, 434,  394, 434,  394, 436,  392, 434,  394, 436,  392, 434,  394, 434,  394, 436,  392, 436,  392, 436,  392, 434,  392, 436,  392, 436,  392, 436,  392, 436,  394, 436,  392, 436,  392, 436,  394, 436,  392, 436,  392, 438,  392, 436,  392, 436,  392, 438,  392, 436,  392, 436,  392, 436,  392, 436,  392, 436,  392, 438,  390, 438,  392, 436,  392, 438,  392, 436,  392, 436,  392, 436,  392, 436,  392, 438,  390, 1266,  392, 436,  392, 438,  390, 438,  390, 438,  390, 438,  390, 436,  390, 1266,  390, 438,  392, 438,  390, 438,  390};  // FUJITSU_AC
uint8_t state[16] = {0x14, 0x63, 0x00, 0x10, 0x10, 0xFE, 0x09, 0x30, 0xA0, 0x00, 0x00, 0x00, 0x00, 0x00, 0x20, 0x10};




Timestamp : 000153.373
Library   : v2.8.6

Protocol  : FUJITSU_AC
Code      : 0x1463001010FE09309000000000002020 (128 Bits)
Mesg Desc.: Model: 1 (ARRAH2E), Id: 0, Power: On, Mode: 0 (Auto), Temp: 25C, Fan: 0 (Auto), Clean: Off, Filter: Off, 10C Heat: Off, Swing: 0 (Off), Command: N/A, Timer: Off
uint16_t rawData[259] = {3368, 1600,  496, 340,  490, 338,  492, 1154,  500, 332,  496, 1156,  500, 330,  498, 328,  466, 362,  454, 1198,  428, 1226,  426, 430,  396, 410,  418, 410,  418, 1240,  416, 1238,  416, 410,  418, 410,  416, 432,  396, 430,  398, 430,  396, 432,  398, 432,  396, 430,  396, 432,  396, 432,  396, 432,  396, 432,  394, 434,  396, 1260,  396, 432,  396, 432,  396, 432,  396, 432,  396, 432,  394, 432,  396, 432,  396, 1260,  396, 432,  396, 432,  396, 434,  396, 432,  396, 1260,  396, 1262,  394, 1260,  396, 1262,  396, 1260,  396, 1262,  394, 1262,  394, 1260,  394, 434,  396, 432,  394, 1260,  396, 432,  396, 434,  394, 434,  394, 434,  394, 434,  396, 432,  396, 432,  394, 434,  394, 1262,  394, 1262,  394, 434,  394, 434,  394, 434,  396, 432,  396, 434,  394, 434,  394, 1262,  394, 434,  396, 432,  396, 1260,  394, 434,  394, 434,  394, 434,  394, 434,  394, 434,  394, 434,  394, 432,  394, 436,  392, 434,  394, 436,  394, 434,  394, 434,  394, 434,  394, 434,  394, 434,  392, 436,  394, 434,  392, 436,  394, 434,  392, 434,  394, 434,  394, 434,  392, 436,  394, 434,  392, 436,  394, 436,  392, 436,  392, 436,  392, 436,  392, 436,  392, 436,  392, 436,  392, 436,  392, 436,  392, 436,  392, 436,  392, 436,  392, 436,  392, 436,  392, 436,  392, 436,  392, 436,  392, 436,  392, 436,  392, 436,  392, 1264,  392, 436,  392, 436,  392, 436,  390, 438,  390, 436,  390, 438,  392, 436,  390, 1266,  392, 436,  390, 438,  390};  // FUJITSU_AC
uint8_t state[16] = {0x14, 0x63, 0x00, 0x10, 0x10, 0xFE, 0x09, 0x30, 0x90, 0x00, 0x00, 0x00, 0x00, 0x00, 0x20, 0x20};


Timestamp : 000155.623
Library   : v2.8.6

Protocol  : FUJITSU_AC
Code      : 0x1463001010FE09308000000000002030 (128 Bits)
Mesg Desc.: Model: 1 (ARRAH2E), Id: 0, Power: On, Mode: 0 (Auto), Temp: 24C, Fan: 0 (Auto), Clean: Off, Filter: Off, 10C Heat: Off, Swing: 0 (Off), Command: N/A, Timer: Off
uint16_t rawData[259] = {3382, 1600,  496, 340,  492, 336,  492, 1156,  500, 332,  498, 1154,  502, 328,  498, 330,  466, 362,  454, 1200,  428, 1226,  428, 430,  396, 410,  418, 410,  418, 1238,  418, 1258,  396, 410,  418, 410,  416, 412,  416, 434,  396, 412,  416, 432,  396, 414,  414, 412,  416, 410,  418, 430,  396, 432,  398, 432,  396, 410,  418, 1260,  396, 432,  396, 432,  396, 432,  396, 432,  396, 432,  396, 432,  396, 432,  396, 1260,  396, 432,  396, 432,  396, 434,  396, 432,  396, 1260,  396, 1260,  394, 1262,  396, 1260,  394, 1262,  396, 1260,  396, 1260,  396, 1260,  396, 432,  396, 432,  394, 1262,  394, 432,  396, 432,  396, 432,  394, 434,  394, 434,  394, 432,  396, 434,  394, 432,  394, 1262,  396, 1260,  394, 432,  396, 432,  396, 432,  396, 432,  394, 434,  396, 432,  394, 434,  394, 434,  394, 434,  396, 1260,  394, 434,  394, 434,  394, 434,  394, 432,  396, 434,  394, 434,  394, 434,  394, 434,  394, 434,  394, 434,  394, 434,  394, 434,  394, 434,  394, 434,  392, 434,  396, 434,  392, 434,  394, 434,  394, 434,  394, 434,  394, 436,  392, 436,  392, 434,  392, 434,  394, 434,  392, 436,  392, 436,  392, 436,  394, 436,  392, 436,  392, 436,  392, 434,  394, 436,  392, 436,  392, 436,  392, 436,  392, 434,  392, 438,  392, 434,  394, 434,  392, 436,  392, 436,  392, 438,  390, 436,  392, 436,  392, 1264,  392, 436,  392, 436,  392, 438,  390, 438,  392, 436,  392, 438,  390, 1266,  392, 1264,  392, 436,  390, 438,  390};  // FUJITSU_AC
uint8_t state[16] = {0x14, 0x63, 0x00, 0x10, 0x10, 0xFE, 0x09, 0x30, 0x80, 0x00, 0x00, 0x00, 0x00, 0x00, 0x20, 0x30};




Timestamp : 000158.624
Library   : v2.8.6

Protocol  : FUJITSU_AC
Code      : 0x1463001010FE09307000000000002040 (128 Bits)
Mesg Desc.: Model: 1 (ARRAH2E), Id: 0, Power: On, Mode: 0 (Auto), Temp: 23C, Fan: 0 (Auto), Clean: Off, Filter: Off, 10C Heat: Off, Swing: 0 (Off), Command: N/A, Timer: Off
uint16_t rawData[259] = {3392, 1576,  494, 340,  492, 334,  494, 1156,  500, 330,  498, 1154,  502, 328,  500, 328,  468, 360,  456, 1198,  430, 1228,  428, 430,  396, 410,  418, 410,  418, 1238,  418, 1238,  418, 410,  418, 412,  418, 410,  418, 410,  418, 410,  418, 410,  418, 410,  418, 410,  416, 412,  416, 410,  416, 412,  416, 410,  418, 410,  416, 1240,  418, 410,  418, 432,  396, 410,  416, 434,  394, 434,  394, 432,  396, 432,  396, 1260,  396, 432,  396, 430,  398, 432,  396, 432,  396, 1260,  396, 1260,  396, 1260,  396, 1260,  396, 1262,  394, 1262,  394, 1260,  396, 1260,  396, 432,  396, 434,  394, 1262,  396, 432,  396, 432,  396, 432,  394, 434,  396, 432,  396, 432,  396, 434,  394, 432,  394, 1262,  394, 1262,  394, 434,  394, 434,  394, 434,  394, 434,  394, 434,  396, 432,  394, 1260,  394, 1260,  396, 1262,  394, 434,  394, 434,  394, 434,  394, 434,  394, 434,  394, 436,  394, 434,  394, 434,  394, 434,  394, 434,  394, 434,  394, 434,  394, 434,  394, 434,  394, 434,  394, 434,  394, 434,  394, 434,  394, 434,  394, 434,  394, 434,  394, 434,  394, 434,  392, 434,  394, 434,  394, 434,  394, 434,  394, 434,  394, 434,  394, 434,  392, 436,  392, 434,  394, 434,  394, 434,  392, 436,  394, 434,  394, 438,  390, 436,  392, 436,  392, 436,  392, 434,  392, 436,  392, 436,  392, 436,  392, 436,  392, 436,  392, 1264,  392, 436,  392, 436,  390, 438,  392, 436,  392, 438,  390, 436,  392, 436,  392, 438,  390, 1266,  390, 438,  390};  // FUJITSU_AC
uint8_t state[16] = {0x14, 0x63, 0x00, 0x10, 0x10, 0xFE, 0x09, 0x30, 0x70, 0x00, 0x00, 0x00, 0x00, 0x00, 0x20, 0x40};


Timestamp : 000163.624
Library   : v2.8.6

Protocol  : FUJITSU_AC
Code      : 0x1463001010FE09306000000000002050 (128 Bits)
Mesg Desc.: Model: 1 (ARRAH2E), Id: 0, Power: On, Mode: 0 (Auto), Temp: 22C, Fan: 0 (Auto), Clean: Off, Filter: Off, 10C Heat: Off, Swing: 0 (Off), Command: N/A, Timer: Off
uint16_t rawData[259] = {3394, 1574,  496, 338,  492, 334,  494, 1158,  500, 332,  498, 1154,  500, 330,  498, 328,  466, 362,  454, 1200,  430, 1228,  426, 430,  396, 410,  418, 410,  418, 1240,  418, 1238,  418, 410,  418, 410,  418, 412,  418, 410,  418, 410,  418, 410,  418, 410,  418, 410,  418, 410,  420, 408,  418, 412,  418, 410,  418, 410,  418, 1238,  418, 410,  418, 410,  418, 410,  418, 412,  416, 410,  418, 410,  418, 432,  396, 1240,  416, 412,  416, 422,  406, 412,  418, 410,  416, 1244,  412, 1260,  396, 1260,  396, 1260,  396, 1260,  396, 1260,  396, 1260,  396, 1260,  396, 432,  396, 434,  396, 1260,  396, 430,  396, 432,  396, 434,  394, 432,  396, 432,  396, 432,  396, 432,  394, 432,  394, 1260,  396, 1260,  396, 432,  396, 432,  394, 434,  394, 432,  394, 434,  396, 432,  396, 432,  394, 1262,  394, 1262,  394, 434,  396, 432,  394, 434,  394, 434,  394, 434,  394, 434,  396, 432,  396, 434,  394, 434,  394, 434,  394, 434,  394, 432,  396, 434,  394, 434,  396, 432,  396, 434,  394, 434,  394, 434,  394, 432,  394, 434,  394, 434,  394, 434,  394, 432,  396, 434,  394, 434,  396, 434,  394, 434,  394, 434,  394, 434,  394, 434,  394, 434,  394, 434,  394, 434,  394, 434,  394, 434,  394, 434,  394, 434,  398, 432,  392, 436,  392, 436,  394, 434,  394, 434,  394, 436,  392, 434,  394, 436,  392, 436,  392, 1264,  392, 436,  392, 436,  392, 436,  392, 434,  392, 436,  392, 436,  394, 1264,  392, 438,  392, 1264,  392, 438,  390};  // FUJITSU_AC
uint8_t state[16] = {0x14, 0x63, 0x00, 0x10, 0x10, 0xFE, 0x09, 0x30, 0x60, 0x00, 0x00, 0x00, 0x00, 0x00, 0x20, 0x50};





Timestamp : 000166.874
Library   : v2.8.6

Protocol  : FUJITSU_AC
Code      : 0x1463001010FE09305000000000002060 (128 Bits)
Mesg Desc.: Model: 1 (ARRAH2E), Id: 0, Power: On, Mode: 0 (Auto), Temp: 21C, Fan: 0 (Auto), Clean: Off, Filter: Off, 10C Heat: Off, Swing: 0 (Off), Command: N/A, Timer: Off
uint16_t rawData[259] = {3396, 1574,  494, 342,  492, 334,  494, 1158,  500, 332,  498, 1156,  500, 330,  500, 328,  468, 360,  456, 1198,  430, 1228,  428, 430,  398, 410,  418, 410,  418, 1238,  420, 1238,  418, 412,  418, 410,  418, 410,  418, 410,  418, 410,  418, 410,  418, 412,  416, 410,  418, 410,  418, 408,  420, 410,  418, 410,  418, 410,  418, 1240,  416, 412,  418, 410,  418, 410,  418, 410,  418, 432,  396, 432,  396, 432,  398, 1260,  398, 432,  396, 432,  396, 432,  398, 432,  396, 1262,  396, 1260,  396, 1262,  396, 1260,  396, 1260,  396, 1262,  396, 1260,  396, 1262,  394, 434,  396, 432,  396, 1262,  396, 432,  396, 434,  396, 432,  396, 434,  396, 432,  396, 432,  396, 434,  396, 432,  396, 1262,  394, 1262,  394, 434,  396, 432,  396, 434,  394, 434,  394, 434,  396, 434,  394, 1262,  394, 434,  396, 1262,  394, 432,  396, 434,  394, 434,  394, 434,  396, 432,  394, 436,  394, 434,  396, 432,  394, 434,  394, 434,  396, 434,  394, 434,  396, 434,  394, 434,  394, 434,  394, 434,  394, 434,  396, 434,  394, 434,  392, 434,  394, 434,  394, 434,  394, 434,  394, 434,  394, 434,  394, 434,  394, 434,  394, 434,  394, 436,  392, 436,  394, 434,  394, 434,  392, 434,  394, 434,  392, 436,  392, 436,  392, 436,  392, 436,  392, 436,  392, 436,  392, 436,  392, 436,  392, 436,  392, 436,  392, 436,  392, 438,  392, 1266,  392, 436,  392, 436,  392, 436,  392, 436,  392, 436,  392, 436,  392, 436,  392, 1264,  392, 1266,  392, 436,  392};  // FUJITSU_AC
uint8_t state[16] = {0x14, 0x63, 0x00, 0x10, 0x10, 0xFE, 0x09, 0x30, 0x50, 0x00, 0x00, 0x00, 0x00, 0x00, 0x20, 0x60};


Timestamp : 000169.874
Library   : v2.8.6

Protocol  : FUJITSU_AC
Code      : 0x1463001010FE09304000000000002070 (128 Bits)
Mesg Desc.: Model: 1 (ARRAH2E), Id: 0, Power: On, Mode: 0 (Auto), Temp: 20C, Fan: 0 (Auto), Clean: Off, Filter: Off, 10C Heat: Off, Swing: 0 (Off), Command: N/A, Timer: Off
uint16_t rawData[259] = {3398, 1552,  516, 336,  494, 334,  494, 1138,  518, 330,  498, 1156,  502, 328,  498, 328,  464, 366,  454, 1200,  428, 1228,  426, 432,  396, 410,  418, 412,  418, 1238,  418, 1240,  418, 410,  418, 410,  418, 412,  418, 410,  418, 410,  418, 410,  418, 412,  418, 410,  418, 410,  418, 412,  418, 410,  418, 412,  418, 412,  416, 1240,  418, 410,  420, 410,  418, 412,  418, 412,  416, 410,  418, 412,  416, 412,  418, 1260,  398, 412,  416, 410,  418, 410,  418, 410,  416, 1240,  418, 1240,  416, 1240,  418, 1260,  396, 1240,  416, 1262,  396, 1260,  396, 1262,  394, 434,  394, 434,  396, 1260,  394, 434,  396, 432,  396, 432,  396, 434,  396, 432,  396, 434,  396, 432,  396, 432,  396, 1262,  394, 1260,  396, 434,  396, 432,  396, 434,  394, 434,  396, 432,  394, 434,  394, 434,  394, 434,  396, 1262,  396, 434,  394, 432,  396, 434,  394, 434,  394, 434,  394, 432,  394, 434,  394, 434,  396, 434,  396, 432,  394, 434,  394, 434,  394, 432,  396, 434,  394, 434,  394, 434,  394, 434,  394, 434,  394, 434,  396, 434,  394, 434,  394, 434,  394, 434,  396, 434,  394, 434,  394, 434,  394, 434,  394, 436,  394, 434,  394, 436,  392, 436,  394, 434,  394, 434,  394, 434,  392, 436,  394, 434,  394, 436,  392, 436,  394, 434,  394, 436,  392, 436,  392, 436,  392, 436,  394, 436,  392, 436,  392, 436,  392, 1264,  392, 436,  394, 436,  392, 436,  392, 436,  392, 436,  392, 436,  392, 1264,  392, 1264,  392, 1266,  390, 436,  392};  // FUJITSU_AC
uint8_t state[16] = {0x14, 0x63, 0x00, 0x10, 0x10, 0xFE, 0x09, 0x30, 0x40, 0x00, 0x00, 0x00, 0x00, 0x00, 0x20, 0x70};




Timestamp : 000173.373
Library   : v2.8.6

Protocol  : FUJITSU_AC
Code      : 0x1463001010FE09303000000000002080 (128 Bits)
Mesg Desc.: Model: 1 (ARRAH2E), Id: 0, Power: On, Mode: 0 (Auto), Temp: 19C, Fan: 0 (Auto), Clean: Off, Filter: Off, 10C Heat: Off, Swing: 0 (Off), Command: N/A, Timer: Off
uint16_t rawData[259] = {3398, 1552,  516, 334,  494, 334,  496, 1136,  520, 330,  500, 1136,  518, 328,  500, 328,  468, 360,  458, 1194,  432, 1224,  428, 428,  396, 432,  396, 410,  418, 1238,  418, 1238,  418, 410,  418, 410,  418, 410,  418, 408,  418, 410,  418, 410,  418, 410,  418, 410,  418, 412,  418, 410,  418, 412,  416, 410,  418, 410,  418, 1240,  416, 412,  416, 432,  396, 424,  404, 410,  416, 412,  416, 434,  396, 432,  396, 1260,  396, 432,  396, 434,  394, 434,  396, 432,  396, 1260,  396, 1262,  394, 1260,  396, 1262,  394, 1262,  394, 1262,  394, 1262,  396, 1260,  396, 432,  396, 432,  396, 1264,  394, 432,  396, 432,  396, 432,  394, 434,  396, 432,  396, 432,  396, 434,  394, 432,  396, 1262,  396, 1260,  394, 434,  394, 434,  396, 434,  396, 432,  394, 434,  394, 434,  396, 1260,  394, 1262,  394, 434,  394, 434,  394, 432,  394, 434,  394, 434,  394, 434,  394, 434,  394, 434,  396, 434,  394, 434,  394, 434,  394, 434,  394, 434,  394, 436,  394, 434,  394, 434,  394, 434,  394, 434,  394, 434,  394, 434,  394, 436,  394, 434,  394, 434,  394, 434,  394, 434,  394, 436,  392, 436,  392, 436,  394, 436,  394, 436,  392, 434,  394, 434,  394, 436,  392, 436,  392, 436,  394, 436,  392, 436,  394, 434,  392, 436,  392, 436,  392, 436,  392, 436,  392, 436,  390, 436,  392, 436,  392, 436,  392, 436,  392, 1264,  392, 436,  392, 436,  392, 436,  392, 436,  392, 436,  392, 438,  390, 436,  392, 438,  392, 436,  392, 1266,  390};  // FUJITSU_AC
uint8_t state[16] = {0x14, 0x63, 0x00, 0x10, 0x10, 0xFE, 0x09, 0x30, 0x30, 0x00, 0x00, 0x00, 0x00, 0x00, 0x20, 0x80};


Timestamp : 000177.623
Library   : v2.8.6

Protocol  : FUJITSU_AC
Code      : 0x1463001010FE09302000000000002090 (128 Bits)
Mesg Desc.: Model: 1 (ARRAH2E), Id: 0, Power: On, Mode: 0 (Auto), Temp: 18C, Fan: 0 (Auto), Clean: Off, Filter: Off, 10C Heat: Off, Swing: 0 (Off), Command: N/A, Timer: Off
uint16_t rawData[259] = {3420, 1550,  518, 334,  496, 332,  498, 1136,  520, 330,  498, 1138,  520, 328,  500, 330,  464, 364,  456, 1200,  428, 1228,  428, 430,  396, 408,  418, 412,  418, 1238,  418, 1238,  418, 410,  418, 410,  418, 410,  418, 412,  418, 410,  418, 410,  418, 410,  418, 410,  420, 408,  418, 412,  418, 410,  418, 410,  418, 410,  418, 1240,  416, 412,  418, 410,  418, 410,  418, 410,  418, 410,  418, 412,  416, 412,  416, 1240,  418, 410,  416, 412,  416, 432,  398, 410,  416, 1262,  394, 1240,  416, 1260,  396, 1238,  416, 1262,  396, 1260,  394, 1260,  396, 1262,  394, 434,  396, 432,  396, 1260,  396, 434,  394, 434,  396, 432,  394, 434,  396, 434,  396, 432,  396, 434,  396, 432,  396, 1262,  394, 1262,  396, 434,  394, 434,  396, 432,  396, 434,  394, 434,  396, 432,  396, 434,  394, 1262,  394, 434,  394, 434,  394, 434,  394, 432,  396, 434,  394, 434,  396, 434,  394, 434,  394, 434,  394, 434,  394, 434,  394, 434,  394, 434,  394, 434,  394, 434,  396, 434,  394, 434,  394, 434,  394, 434,  394, 434,  394, 434,  394, 434,  394, 436,  392, 436,  394, 434,  394, 432,  396, 434,  394, 434,  394, 434,  394, 434,  394, 436,  392, 436,  394, 434,  394, 436,  394, 436,  392, 436,  394, 434,  392, 436,  394, 436,  392, 436,  392, 436,  392, 436,  392, 436,  394, 436,  392, 434,  394, 436,  392, 436,  394, 1264,  390, 438,  392, 436,  392, 436,  392, 436,  392, 436,  392, 436,  392, 1264,  392, 436,  392, 438,  392, 1264,  392};  // FUJITSU_AC
uint8_t state[16] = {0x14, 0x63, 0x00, 0x10, 0x10, 0xFE, 0x09, 0x30, 0x20, 0x00, 0x00, 0x00, 0x00, 0x00, 0x20, 0x90};


ON Signal
Protocol  : FUJITSU_AC
Code      : 0x1463001010FE0930810000000000202F (128 Bits)
Mesg Desc.: Model: 1 (ARRAH2E), Id: 0, Power: On, Mode: 0 (Auto), Temp: 24C, Fan: 0 (Auto), Clean: Off, Filter: Off, 10C Heat: Off, Swing: 0 (Off), Command: N/A, Timer: Off
uint16_t rawData[259] = {3424, 1548,  520, 310,  520, 330,  496, 1140,  516, 334,  494, 1140,  518, 334,  468, 360,  462, 366,  456, 1200,  426, 1232,  422, 434,  394, 412,  416, 412,  416, 1240,  416, 1242,  416, 412,  416, 412,  416, 412,  416, 412,  418, 412,  416, 414,  416, 412,  416, 412,  416, 414,  416, 412,  414, 414,  416, 414,  416, 414,  416, 1242,  414, 414,  416, 414,  416, 412,  416, 412,  416, 414,  414, 436,  394, 414,  414, 1244,  414, 436,  392, 414,  416, 434,  394, 436,  394, 1264,  394, 1262,  394, 1266,  392, 1266,  392, 1264,  392, 1266,  392, 1264,  392, 1264,  394, 434,  392, 436,  392, 1264,  392, 436,  394, 436,  392, 436,  392, 436,  392, 438,  390, 436,  394, 436,  392, 438,  392, 1266,  392, 1264,  394, 436,  392, 436,  392, 1266,  394, 436,  392, 436,  392, 436,  392, 436,  392, 436,  392, 436,  392, 1266,  392, 436,  392, 436,  392, 436,  392, 436,  392, 436,  392, 438,  392, 438,  392, 436,  392, 436,  392, 438,  392, 436,  392, 438,  392, 438,  392, 436,  390, 438,  392, 436,  392, 438,  390, 438,  392, 438,  392, 438,  392, 438,  390, 438,  390, 438,  390, 438,  390, 438,  392, 438,  390, 438,  390, 438,  392, 436,  392, 438,  390, 438,  392, 438,  390, 438,  392, 438,  392, 438,  390, 438,  392, 436,  392, 438,  390, 438,  392, 438,  390, 438,  390, 438,  390, 438,  392, 438,  390, 438,  392, 1266,  390, 438,  390, 438,  392, 1268,  390, 1268,  390, 1266,  390, 1266,  390, 438,  390, 1268,  390, 438,  390, 440,  390};  // FUJITSU_AC
uint8_t state[16] = {0x14, 0x63, 0x00, 0x10, 0x10, 0xFE, 0x09, 0x30, 0x81, 0x00, 0x00, 0x00, 0x00, 0x00, 0x20, 0x2F};


OFF signal
Protocol  : FUJITSU_AC
Code      : 0x146300101002FD (56 Bits)
Mesg Desc.: Model: 1 (ARRAH2E), Id: 0, Power: Off, Command: N/A
uint16_t rawData[115] = {3440, 1530,  532, 300,  528, 300,  524, 1130,  520, 310,  518, 1138,  492, 338,  490, 340,  482, 376,  424, 1202,  452, 1228,  426, 404,  422, 408,  418, 408,  420, 1238,  418, 1238,  418, 410,  418, 410,  420, 408,  418, 410,  418, 410,  418, 410,  418, 410,  418, 410,  418, 412,  416, 412,  418, 410,  416, 412,  416, 412,  418, 1240,  416, 412,  418, 410,  418, 412,  416, 412,  418, 434,  394, 434,  394, 434,  394, 1262,  394, 434,  394, 434,  394, 434,  394, 434,  392, 1264,  394, 434,  394, 436,  392, 436,  394, 434,  394, 436,  394, 436,  392, 1264,  392, 436,  392, 1264,  394, 1262,  394, 1264,  392, 1264,  394, 1264,  392, 1264,  392};  // FUJITSU_AC
uint8_t state[7] = {0x14, 0x63, 0x00, 0x10, 0x10, 0x02, 0xFD};
